X [m],Y [m],Z [m]
0.0000,0.0000,0.1000
-0.0004,-0.0000,0.1002
-0.0005,-0.0001,0.1005
-0.0004,-0.0001,0.1007
-0.0003,-0.0001,0.1008
-0.0001,-0.0001,0.1008
0.0001,-0.0001,0.1007
0.0002,-0.0001,0.1006
0.0004,-0.0001,0.1004
0.0005,-0.0001,0.1003
0.0006,-0.0000,0.1001
0.0007,-0.0000,0.0998
0.0008,-0.0000,0.0996
0.0008,-0.0000,0.0994
0.0009,-0.0000,0.0992
0.0010,0.0000,0.0989
0.0010,0.0000,0.0987
0.0011,0.0000,0.0984
0.0012,0.0000,0.0982
0.0012,0.0000,0.0979
0.0013,0.0000,0.0977
0.0014,0.0000,0.0974
0.0014,0.0000,0.0971
0.0015,0.0000,0.0969
0.0016,0.0000,0.0966
0.0017,0.0000,0.0963
0.0017,0.0000,0.0961
0.0018,0.0000,0.0958
0.0019,0.0000,0.0955
0.0020,0.0000,0.0953
0.0021,0.0000,0.0950
0.0022,0.0000,0.0948
0.0023,0.0000,0.0945
0.0024,-0.0000,0.0942
0.0025,-0.0000,0.0940
0.0026,-0.0000,0.0937
0.0027,-0.0000,0.0935
0.0028,-0.0000,0.0932
0.0030,-0.0000,0.0930
0.0031,-0.0000,0.0927
0.0032,-0.0000,0.0925
0.0033,-0.0000,0.0922
0.0035,-0.0000,0.0920
0.0036,-0.0000,0.0918
0.0037,-0.0000,0.0915
0.0039,-0.0000,0.0913
0.0040,-0.0000,0.0911
0.0042,0.0000,0.0908
0.0043,0.0000,0.0906
0.0045,0.0000,0.0904
0.0046,0.0001,0.0901
0.0048,0.0001,0.0899
0.0050,0.0001,0.0897
0.0051,0.0001,0.0895
0.0053,0.0002,0.0893
0.0055,0.0002,0.0891
0.0057,0.0002,0.0889
0.0058,0.0003,0.0887
0.0060,0.0003,0.0885
0.0062,0.0004,0.0883
0.0064,0.0004,0.0881
0.0066,0.0005,0.0879
0.0068,0.0005,0.0877
0.0070,0.0006,0.0875
0.0072,0.0006,0.0873
0.0075,0.0007,0.0872
0.0077,0.0007,0.0870
0.0079,0.0008,0.0868
0.0081,0.0008,0.0866
0.0084,0.0009,0.0865
0.0086,0.0010,0.0863
0.0088,0.0010,0.0862
0.0091,0.0011,0.0860
0.0093,0.0012,0.0858
0.0096,0.0012,0.0857
0.0099,0.0013,0.0855
0.0101,0.0014,0.0854
0.0104,0.0014,0.0852
0.0107,0.0015,0.0851
0.0109,0.0016,0.0850
0.0112,0.0016,0.0848
0.0115,0.0017,0.0847
0.0118,0.0018,0.0845
0.0121,0.0018,0.0844
0.0124,0.0019,0.0843
0.0126,0.0019,0.0841
0.0129,0.0020,0.0840
0.0132,0.0021,0.0839
0.0135,0.0021,0.0838
0.0139,0.0022,0.0836
0.0142,0.0023,0.0835
0.0145,0.0023,0.0834
0.0148,0.0024,0.0832
0.0151,0.0024,0.0831
0.0154,0.0025,0.0830
0.0157,0.0025,0.0829
0.0161,0.0026,0.0828
0.0164,0.0026,0.0826
0.0167,0.0027,0.0825
0.0170,0.0027,0.0824
0.0174,0.0028,0.0823
0.0177,0.0028,0.0821
0.0180,0.0028,0.0820
0.0184,0.0029,0.0819
0.0187,0.0029,0.0818
0.0190,0.0030,0.0816
0.0194,0.0030,0.0815
0.0197,0.0030,0.0814
0.0200,0.0030,0.0813
0.0204,0.0031,0.0811
0.0207,0.0031,0.0810
0.0211,0.0031,0.0809
0.0214,0.0032,0.0808
0.0218,0.0032,0.0807
0.0221,0.0032,0.0805
0.0225,0.0032,0.0804
0.0228,0.0032,0.0803
0.0232,0.0032,0.0802
0.0235,0.0032,0.0801
0.0239,0.0033,0.0800
0.0243,0.0033,0.0798
0.0246,0.0033,0.0797
0.0250,0.0033,0.0796
0.0253,0.0033,0.0795
0.0257,0.0033,0.0794
0.0261,0.0033,0.0793
0.0264,0.0033,0.0792
0.0268,0.0033,0.0791
0.0272,0.0033,0.0789
0.0275,0.0033,0.0788
0.0279,0.0033,0.0787
0.0283,0.0033,0.0786
0.0287,0.0033,0.0785
0.0290,0.0033,0.0784
0.0294,0.0033,0.0783
0.0298,0.0032,0.0782
0.0302,0.0032,0.0781
0.0306,0.0032,0.0781
0.0309,0.0032,0.0780
0.0313,0.0032,0.0779
0.0317,0.0032,0.0778
0.0321,0.0031,0.0777
0.0325,0.0031,0.0777
0.0328,0.0031,0.0776
0.0332,0.0031,0.0775
0.0336,0.0030,0.0775
0.0340,0.0030,0.0774
0.0344,0.0030,0.0774
0.0347,0.0030,0.0773
0.0351,0.0029,0.0773
0.0355,0.0029,0.0773
0.0359,0.0029,0.0772
0.0362,0.0028,0.0772
0.0366,0.0028,0.0772
0.0369,0.0027,0.0772
0.0373,0.0027,0.0772
0.0377,0.0026,0.0772
0.0380,0.0026,0.0772
0.0383,0.0025,0.0772
0.0387,0.0025,0.0772
0.0390,0.0024,0.0772
0.0393,0.0024,0.0773
0.0397,0.0023,0.0773
0.0400,0.0022,0.0773
0.0403,0.0022,0.0773
0.0406,0.0021,0.0773
0.0409,0.0020,0.0773
0.0413,0.0020,0.0773
0.0416,0.0019,0.0773
0.0419,0.0018,0.0774
0.0422,0.0018,0.0774
0.0425,0.0017,0.0774
0.0428,0.0016,0.0774
0.0432,0.0016,0.0775
0.0435,0.0015,0.0775
0.0438,0.0014,0.0775
0.0441,0.0014,0.0776
0.0444,0.0013,0.0776
0.0447,0.0012,0.0776
0.0451,0.0012,0.0777
0.0454,0.0011,0.0777
0.0457,0.0010,0.0778
0.0460,0.0010,0.0778
0.0463,0.0009,0.0779
0.0466,0.0008,0.0779
0.0469,0.0008,0.0780
0.0472,0.0007,0.0780
0.0475,0.0007,0.0781
0.0478,0.0006,0.0781
0.0481,0.0006,0.0782
0.0484,0.0005,0.0782
0.0487,0.0004,0.0783
0.0490,0.0004,0.0783
0.0493,0.0003,0.0784
0.0496,0.0003,0.0785
0.0499,0.0002,0.0785
0.0502,0.0002,0.0786
0.0505,0.0001,0.0787
0.0508,0.0001,0.0787
0.0511,0.0000,0.0788
0.0513,0.0000,0.0789
0.0516,-0.0000,0.0789
0.0519,-0.0001,0.0790
0.0522,-0.0001,0.0791
0.0525,-0.0002,0.0791
0.0527,-0.0002,0.0792
0.0530,-0.0002,0.0793
0.0533,-0.0003,0.0794
0.0536,-0.0003,0.0795
0.0539,-0.0003,0.0795
0.0541,-0.0003,0.0796
0.0544,-0.0004,0.0797
0.0547,-0.0004,0.0798
0.0549,-0.0004,0.0798
0.0552,-0.0005,0.0799
0.0555,-0.0005,0.0800
0.0558,-0.0005,0.0801
0.0560,-0.0005,0.0801
0.0563,-0.0006,0.0802
0.0566,-0.0006,0.0803
0.0568,-0.0006,0.0804
0.0571,-0.0006,0.0805
0.0574,-0.0006,0.0805
0.0577,-0.0007,0.0806
0.0579,-0.0007,0.0807
0.0582,-0.0007,0.0808
0.0585,-0.0007,0.0808
0.0587,-0.0007,0.0809
0.0590,-0.0008,0.0810
0.0593,-0.0008,0.0811
0.0595,-0.0008,0.0811
0.0598,-0.0008,0.0812
0.0601,-0.0008,0.0813
0.0604,-0.0009,0.0813
0.0606,-0.0009,0.0814
0.0609,-0.0009,0.0815
0.0612,-0.0009,0.0816
0.0614,-0.0009,0.0816
0.0617,-0.0009,0.0817
0.0620,-0.0010,0.0818
0.0622,-0.0010,0.0818
0.0625,-0.0010,0.0819
0.0628,-0.0010,0.0820
0.0631,-0.0010,0.0820
0.0633,-0.0010,0.0821
0.0636,-0.0010,0.0822
0.0639,-0.0011,0.0822
0.0642,-0.0011,0.0823
0.0644,-0.0011,0.0824
0.0647,-0.0011,0.0824
0.0650,-0.0011,0.0825
0.0653,-0.0011,0.0825
0.0655,-0.0011,0.0826
0.0658,-0.0012,0.0827
0.0661,-0.0012,0.0827
0.0664,-0.0012,0.0828
0.0666,-0.0012,0.0828
0.0669,-0.0012,0.0829
0.0672,-0.0012,0.0830
0.0675,-0.0012,0.0830
0.0678,-0.0013,0.0831
0.0680,-0.0013,0.0831
0.0683,-0.0013,0.0832
0.0686,-0.0013,0.0832
0.0689,-0.0013,0.0833
0.0692,-0.0013,0.0833
0.0695,-0.0013,0.0834
0.0697,-0.0014,0.0834
0.0700,-0.0014,0.0835
0.0703,-0.0014,0.0835
0.0706,-0.0014,0.0836
0.0709,-0.0014,0.0836
0.0712,-0.0014,0.0837
0.0715,-0.0014,0.0837
0.0718,-0.0014,0.0838
0.0720,-0.0015,0.0838
0.0723,-0.0015,0.0838
0.0726,-0.0015,0.0839
0.0729,-0.0015,0.0839
0.0732,-0.0015,0.0840
0.0735,-0.0015,0.0840
0.0738,-0.0015,0.0840
0.0741,-0.0015,0.0841
0.0744,-0.0016,0.0841
0.0747,-0.0016,0.0841
0.0750,-0.0016,0.0842
0.0753,-0.0016,0.0842
0.0756,-0.0016,0.0842
0.0759,-0.0016,0.0843
0.0762,-0.0016,0.0843
0.0765,-0.0016,0.0843
0.0768,-0.0017,0.0844
0.0771,-0.0017,0.0844
0.0774,-0.0017,0.0844
0.0777,-0.0017,0.0844
0.0780,-0.0017,0.0845
0.0783,-0.0017,0.0845
0.0786,-0.0017,0.0845
0.0789,-0.0017,0.0845
0.0792,-0.0017,0.0846
0.0795,-0.0018,0.0846
0.0798,-0.0018,0.0846
0.0801,-0.0018,0.0846
0.0804,-0.0018,0.0846
0.0807,-0.0018,0.0846
0.0810,-0.0018,0.0847
0.0813,-0.0018,0.0847
0.0816,-0.0018,0.0847
0.0819,-0.0018,0.0847
0.0822,-0.0019,0.0847
0.0825,-0.0019,0.0847
0.0829,-0.0019,0.0847
0.0832,-0.0019,0.0847
0.0835,-0.0019,0.0847
0.0838,-0.0019,0.0847
0.0841,-0.0019,0.0847
0.0844,-0.0019,0.0848
0.0847,-0.0019,0.0848
0.0851,-0.0019,0.0848
0.0854,-0.0020,0.0848
0.0857,-0.0020,0.0848
0.0860,-0.0020,0.0847
0.0863,-0.0020,0.0847
0.0866,-0.0020,0.0847
0.0870,-0.0020,0.0847
0.0873,-0.0020,0.0847
0.0876,-0.0020,0.0847
0.0879,-0.0020,0.0847
0.0882,-0.0020,0.0847
0.0886,-0.0020,0.0847
0.0889,-0.0021,0.0847
0.0892,-0.0021,0.0847
0.0895,-0.0021,0.0846
0.0899,-0.0021,0.0846
0.0902,-0.0021,0.0846
0.0905,-0.0021,0.0846
0.0908,-0.0021,0.0846
0.0912,-0.0021,0.0845
0.0915,-0.0021,0.0845
0.0918,-0.0021,0.0845
0.0921,-0.0021,0.0845
0.0925,-0.0021,0.0844
0.0928,-0.0021,0.0844
0.0931,-0.0022,0.0844
0.0935,-0.0022,0.0844
0.0938,-0.0022,0.0843
0.0941,-0.0022,0.0843
0.0945,-0.0022,0.0843
0.0948,-0.0022,0.0842
0.0951,-0.0022,0.0842
0.0955,-0.0022,0.0842
0.0958,-0.0022,0.0841
0.0961,-0.0022,0.0841
0.0965,-0.0022,0.0840
0.0968,-0.0022,0.0840
0.0971,-0.0022,0.0840
0.0975,-0.0022,0.0839
0.0978,-0.0022,0.0839
0.0981,-0.0022,0.0838
0.0985,-0.0022,0.0838
0.0988,-0.0023,0.0837
0.0992,-0.0023,0.0837
0.0995,-0.0023,0.0836
0.0998,-0.0023,0.0836
0.1002,-0.0023,0.0835
0.1005,-0.0023,0.0835
0.1009,-0.0023,0.0834
0.1012,-0.0023,0.0833
0.1015,-0.0023,0.0833
0.1019,-0.0023,0.0832
0.1022,-0.0023,0.0832
0.1026,-0.0023,0.0831
0.1029,-0.0023,0.0830
0.1033,-0.0023,0.0830
0.1036,-0.0023,0.0829
0.1039,-0.0023,0.0828
0.1043,-0.0023,0.0828
0.1046,-0.0023,0.0827
0.1050,-0.0023,0.0826
0.1053,-0.0023,0.0825
0.1057,-0.0023,0.0825
0.1060,-0.0023,0.0824
0.1064,-0.0023,0.0823
0.1067,-0.0023,0.0822
0.1070,-0.0023,0.0821
0.1074,-0.0023,0.0821
0.1077,-0.0023,0.0820
0.1081,-0.0023,0.0819
0.1084,-0.0023,0.0818
0.1088,-0.0023,0.0817
0.1091,-0.0024,0.0816
0.1095,-0.0024,0.0815
0.1098,-0.0024,0.0814
0.1102,-0.0024,0.0813
0.1105,-0.0024,0.0812
0.1109,-0.0024,0.0811
0.1112,-0.0024,0.0810
0.1116,-0.0024,0.0809
0.1119,-0.0024,0.0808
0.1123,-0.0024,0.0807
0.1126,-0.0024,0.0806
0.1130,-0.0024,0.0805
0.1133,-0.0024,0.0804
0.1137,-0.0024,0.0803
0.1140,-0.0024,0.0802
0.1144,-0.0024,0.0801
0.1147,-0.0024,0.0800
0.1151,-0.0024,0.0799
0.1155,-0.0024,0.0797
0.1158,-0.0024,0.0796
0.1162,-0.0024,0.0795
0.1165,-0.0024,0.0794
0.1169,-0.0024,0.0793
0.1172,-0.0024,0.0791
0.1176,-0.0024,0.0790
0.1179,-0.0024,0.0789
0.1183,-0.0024,0.0788
0.1186,-0.0024,0.0786
0.1190,-0.0024,0.0785
0.1193,-0.0024,0.0784
0.1197,-0.0024,0.0782
0.1201,-0.0024,0.0781
0.1204,-0.0024,0.0780
0.1208,-0.0024,0.0778
0.1211,-0.0024,0.0777
0.1215,-0.0024,0.0775
0.1218,-0.0024,0.0774
0.1222,-0.0024,0.0772
0.1226,-0.0024,0.0771
0.1229,-0.0024,0.0769
0.1233,-0.0024,0.0768
0.1236,-0.0024,0.0766
0.1240,-0.0024,0.0765
0.1243,-0.0024,0.0763
0.1247,-0.0024,0.0762
0.1250,-0.0024,0.0760
0.1254,-0.0023,0.0759
0.1258,-0.0023,0.0757
0.1261,-0.0023,0.0755
0.1265,-0.0023,0.0754
0.1268,-0.0023,0.0752
0.1272,-0.0023,0.0750
0.1275,-0.0023,0.0749
0.1279,-0.0023,0.0747
0.1283,-0.0023,0.0745
0.1286,-0.0023,0.0744
0.1290,-0.0023,0.0742
0.1293,-0.0023,0.0740
0.1297,-0.0023,0.0738
0.1301,-0.0023,0.0736
0.1304,-0.0023,0.0735
0.1308,-0.0022,0.0733
0.1311,-0.0022,0.0731
0.1315,-0.0022,0.0729
0.1319,-0.0022,0.0727
0.1322,-0.0022,0.0726
0.1326,-0.0022,0.0724
0.1330,-0.0022,0.0722
0.1333,-0.0021,0.0720
0.1337,-0.0021,0.0718
0.1340,-0.0021,0.0716
0.1344,-0.0021,0.0715
0.1348,-0.0021,0.0713
0.1351,-0.0020,0.0711
0.1355,-0.0020,0.0709
0.1359,-0.0020,0.0708
0.1363,-0.0019,0.0706
0.1366,-0.0019,0.0704
0.1370,-0.0019,0.0703
0.1374,-0.0019,0.0701
0.1378,-0.0018,0.0699
0.1382,-0.0018,0.0698
0.1386,-0.0018,0.0696
0.1390,-0.0018,0.0695
0.1395,-0.0017,0.0693
0.1399,-0.0017,0.0692
0.1403,-0.0017,0.0690
0.1408,-0.0017,0.0689
0.1412,-0.0017,0.0687
0.1417,-0.0016,0.0686
0.1421,-0.0016,0.0685
0.1426,-0.0016,0.0684
0.1431,-0.0016,0.0683
0.1436,-0.0015,0.0682
0.1441,-0.0015,0.0681
0.1446,-0.0015,0.0680
0.1451,-0.0014,0.0679
0.1456,-0.0014,0.0679
0.1461,-0.0013,0.0678
0.1466,-0.0013,0.0677
0.1471,-0.0013,0.0677
0.1476,-0.0012,0.0676
0.1481,-0.0012,0.0676
0.1486,-0.0011,0.0676
0.1492,-0.0010,0.0675
0.1497,-0.0010,0.0675
0.1502,-0.0009,0.0675
0.1507,-0.0008,0.0675
0.1512,-0.0007,0.0675
0.1517,-0.0006,0.0675
0.1522,-0.0005,0.0675
0.1526,-0.0005,0.0675
0.1531,-0.0004,0.0675
0.1536,-0.0003,0.0675
0.1540,-0.0002,0.0675
0.1545,-0.0001,0.0676
0.1549,0.0001,0.0676
0.1553,0.0002,0.0676
0.1557,0.0003,0.0676
0.1561,0.0004,0.0677
0.1565,0.0005,0.0677
0.1569,0.0006,0.0678
0.1573,0.0007,0.0678
0.1577,0.0008,0.0679
0.1581,0.0009,0.0679
0.1585,0.0010,0.0680
0.1588,0.0011,0.0680
0.1592,0.0011,0.0681
0.1595,0.0012,0.0682
0.1599,0.0013,0.0682
0.1602,0.0014,0.0683
0.1606,0.0015,0.0684
0.1609,0.0016,0.0685
0.1612,0.0016,0.0686
0.1615,0.0017,0.0686
0.1619,0.0018,0.0687
0.1622,0.0018,0.0688
0.1625,0.0019,0.0689
0.1628,0.0020,0.0690
0.1631,0.0020,0.0692
0.1634,0.0021,0.0693
0.1637,0.0021,0.0694
0.1640,0.0022,0.0695
0.1642,0.0022,0.0696
0.1645,0.0023,0.0697
0.1648,0.0023,0.0698
0.1651,0.0023,0.0699
0.1654,0.0024,0.0701
0.1656,0.0024,0.0702
0.1659,0.0025,0.0703
0.1662,0.0025,0.0704
0.1664,0.0025,0.0705
0.1667,0.0025,0.0706
0.1670,0.0026,0.0707
0.1672,0.0026,0.0709
0.1675,0.0026,0.0710
0.1678,0.0026,0.0711
0.1680,0.0027,0.0712
0.1683,0.0027,0.0713
0.1685,0.0027,0.0714
0.1688,0.0027,0.0715
0.1690,0.0028,0.0717
0.1693,0.0028,0.0718
0.1696,0.0028,0.0719
0.1698,0.0028,0.0720
0.1701,0.0028,0.0721
0.1703,0.0029,0.0722
0.1706,0.0029,0.0723
0.1708,0.0029,0.0724
0.1711,0.0029,0.0725
0.1713,0.0029,0.0726
0.1716,0.0030,0.0728
0.1718,0.0030,0.0729
0.1721,0.0030,0.0730
0.1723,0.0030,0.0731
0.1726,0.0030,0.0732
0.1728,0.0030,0.0733
0.1731,0.0031,0.0734
0.1733,0.0031,0.0735
0.1736,0.0031,0.0736
0.1738,0.0031,0.0737
0.1741,0.0031,0.0738
0.1743,0.0032,0.0739
0.1746,0.0032,0.0740
0.1748,0.0032,0.0741
0.1751,0.0032,0.0742
0.1754,0.0032,0.0743
0.1756,0.0032,0.0744
0.1759,0.0033,0.0745
0.1761,0.0033,0.0746
0.1764,0.0033,0.0747
0.1766,0.0033,0.0748
0.1769,0.0033,0.0749
0.1771,0.0033,0.0750
0.1774,0.0034,0.0751
0.1776,0.0034,0.0752
0.1779,0.0034,0.0753
0.1782,0.0034,0.0753
0.1784,0.0034,0.0754
0.1787,0.0035,0.0755
0.1789,0.0035,0.0756
0.1792,0.0035,0.0757
0.1795,0.0035,0.0758
0.1797,0.0035,0.0759
0.1800,0.0035,0.0760
0.1802,0.0036,0.0760
0.1805,0.0036,0.0761
0.1808,0.0036,0.0762
0.1810,0.0036,0.0763
0.1813,0.0036,0.0764
0.1816,0.0037,0.0765
0.1818,0.0037,0.0765
0.1821,0.0037,0.0766
0.1823,0.0037,0.0767
0.1826,0.0037,0.0768
0.1829,0.0038,0.0769
0.1832,0.0038,0.0769
0.1834,0.0038,0.0770
0.1837,0.0038,0.0771
0.1840,0.0038,0.0772
0.1842,0.0038,0.0772
0.1845,0.0039,0.0773
0.1848,0.0039,0.0774
0.1850,0.0039,0.0775
0.1853,0.0039,0.0775
0.1856,0.0039,0.0776
0.1859,0.0040,0.0777
0.1861,0.0040,0.0777
0.1864,0.0040,0.0778
0.1867,0.0040,0.0779
0.1870,0.0040,0.0779
0.1873,0.0040,0.0780
0.1875,0.0041,0.0781
0.1878,0.0041,0.0781
0.1881,0.0041,0.0782
0.1884,0.0041,0.0783
0.1887,0.0041,0.0783
0.1889,0.0042,0.0784
0.1892,0.0042,0.0784
0.1895,0.0042,0.0785
0.1898,0.0042,0.0785
0.1901,0.0042,0.0786
0.1904,0.0042,0.0787
0.1906,0.0043,0.0787
0.1909,0.0043,0.0788
0.1912,0.0043,0.0788
0.1915,0.0043,0.0789
0.1918,0.0043,0.0789
0.1921,0.0044,0.0790
0.1924,0.0044,0.0790
0.1927,0.0044,0.0791
0.1930,0.0044,0.0791
0.1933,0.0044,0.0792
0.1936,0.0044,0.0792
0.1939,0.0045,0.0792
0.1941,0.0045,0.0793
0.1944,0.0045,0.0793
0.1947,0.0045,0.0794
0.1950,0.0045,0.0794
0.1953,0.0045,0.0794
0.1956,0.0046,0.0795
0.1959,0.0046,0.0795
0.1962,0.0046,0.0795
0.1965,0.0046,0.0796
0.1968,0.0046,0.0796
0.1971,0.0046,0.0796
0.1974,0.0047,0.0797
0.1977,0.0047,0.0797
0.1981,0.0047,0.0797
0.1984,0.0047,0.0798
0.1987,0.0047,0.0798
0.1990,0.0048,0.0798
0.1993,0.0048,0.0798
0.1996,0.0048,0.0799
0.1999,0.0048,0.0799
0.2002,0.0048,0.0799
0.2005,0.0048,0.0799
0.2008,0.0049,0.0799
0.2011,0.0049,0.0800
0.2014,0.0049,0.0800
0.2018,0.0049,0.0800
0.2021,0.0049,0.0800
0.2024,0.0049,0.0800
0.2027,0.0050,0.0800
0.2030,0.0050,0.0800
0.2033,0.0050,0.0800
0.2036,0.0050,0.0801
0.2040,0.0050,0.0801
0.2043,0.0050,0.0801
0.2046,0.0051,0.0801
0.2049,0.0051,0.0801
0.2052,0.0051,0.0801
0.2055,0.0051,0.0801
0.2059,0.0051,0.0801
0.2062,0.0051,0.0801
0.2065,0.0051,0.0801
0.2068,0.0052,0.0801
0.2072,0.0052,0.0801
0.2075,0.0052,0.0801
0.2078,0.0052,0.0800
0.2081,0.0052,0.0800
0.2084,0.0052,0.0800
0.2088,0.0052,0.0800
0.2091,0.0053,0.0800
0.2094,0.0053,0.0800
0.2098,0.0053,0.0800
0.2101,0.0053,0.0800
0.2104,0.0053,0.0799
0.2107,0.0053,0.0799
0.2111,0.0054,0.0799
0.2114,0.0054,0.0799
0.2117,0.0054,0.0799
0.2120,0.0054,0.0798
0.2124,0.0054,0.0798
0.2127,0.0054,0.0798
0.2130,0.0054,0.0797
0.2134,0.0055,0.0797
0.2137,0.0055,0.0797
0.2140,0.0055,0.0796
0.2144,0.0055,0.0796
0.2147,0.0055,0.0796
0.2150,0.0055,0.0795
0.2154,0.0055,0.0795
0.2157,0.0056,0.0795
0.2160,0.0056,0.0794
0.2164,0.0056,0.0794
0.2167,0.0056,0.0793
0.2171,0.0056,0.0793
0.2174,0.0056,0.0792
0.2177,0.0056,0.0792
0.2181,0.0056,0.0791
0.2184,0.0057,0.0791
0.2187,0.0057,0.0790
0.2191,0.0057,0.0790
0.2194,0.0057,0.0789
0.2198,0.0057,0.0789
0.2201,0.0057,0.0788
0.2204,0.0057,0.0788
0.2208,0.0057,0.0787
0.2211,0.0058,0.0787
0.2215,0.0058,0.0786
0.2218,0.0058,0.0785
0.2221,0.0058,0.0785
0.2225,0.0058,0.0784
0.2228,0.0058,0.0783
0.2232,0.0058,0.0783
0.2235,0.0058,0.0782
0.2238,0.0058,0.0781
0.2242,0.0059,0.0781
0.2245,0.0059,0.0780
0.2249,0.0059,0.0779
0.2252,0.0059,0.0779
0.2256,0.0059,0.0778
0.2259,0.0059,0.0777
0.2263,0.0059,0.0776
0.2266,0.0059,0.0776
0.2270,0.0059,0.0775
0.2273,0.0059,0.0774
0.2277,0.0059,0.0773
0.2280,0.0059,0.0772
0.2284,0.0059,0.0772
0.2287,0.0059,0.0771
0.2291,0.0059,0.0770
0.2294,0.0059,0.0769
0.2298,0.0059,0.0768
0.2301,0.0059,0.0768
0.2305,0.0059,0.0767
0.2309,0.0059,0.0766
0.2312,0.0059,0.0765
0.2316,0.0059,0.0764
0.2319,0.0059,0.0763
0.2323,0.0059,0.0762
0.2327,0.0059,0.0762
0.2330,0.0059,0.0761
0.2334,0.0059,0.0760
0.2338,0.0059,0.0759
0.2341,0.0059,0.0758
0.2345,0.0059,0.0757
0.2349,0.0059,0.0757
0.2352,0.0058,0.0756
0.2356,0.0058,0.0755
0.2360,0.0058,0.0754
0.2364,0.0058,0.0753
0.2367,0.0058,0.0753
0.2371,0.0057,0.0752
0.2375,0.0057,0.0751
0.2379,0.0057,0.0750
0.2382,0.0057,0.0750
0.2386,0.0056,0.0749
0.2390,0.0056,0.0748
0.2394,0.0056,0.0748
0.2398,0.0056,0.0747
0.2401,0.0055,0.0747
0.2405,0.0055,0.0746
0.2409,0.0055,0.0746
0.2413,0.0054,0.0745
0.2417,0.0054,0.0745
0.2421,0.0054,0.0744
0.2424,0.0053,0.0744
0.2428,0.0053,0.0744
0.2432,0.0053,0.0743
0.2436,0.0052,0.0743
0.2440,0.0052,0.0743
0.2444,0.0051,0.0743
0.2448,0.0051,0.0743
0.2451,0.0050,0.0743
0.2455,0.0050,0.0743
0.2459,0.0049,0.0743
0.2463,0.0049,0.0743
0.2467,0.0048,0.0743
0.2470,0.0047,0.0744
0.2474,0.0047,0.0744
0.2478,0.0046,0.0744
0.2481,0.0045,0.0745
0.2485,0.0045,0.0745
0.2488,0.0044,0.0745
0.2492,0.0043,0.0746
0.2495,0.0043,0.0746
0.2498,0.0042,0.0746
0.2502,0.0041,0.0747
0.2505,0.0040,0.0747
0.2508,0.0039,0.0748
0.2511,0.0039,0.0748
0.2514,0.0038,0.0748
0.2517,0.0037,0.0749
0.2520,0.0036,0.0749
0.2523,0.0036,0.0749
0.2526,0.0035,0.0749
0.2529,0.0034,0.0750
0.2532,0.0033,0.0750
0.2535,0.0032,0.0750
0.2539,0.0032,0.0751
0.2542,0.0031,0.0751
0.2545,0.0030,0.0752
0.2548,0.0029,0.0752
0.2551,0.0029,0.0753
0.2554,0.0028,0.0753
0.2557,0.0027,0.0754
0.2560,0.0026,0.0754
0.2563,0.0026,0.0755
0.2566,0.0025,0.0755
0.2569,0.0024,0.0756
0.2572,0.0024,0.0756
0.2575,0.0023,0.0757
0.2578,0.0022,0.0758
0.2581,0.0022,0.0758
0.2584,0.0021,0.0759
0.2587,0.0020,0.0759
0.2590,0.0020,0.0760
0.2593,0.0019,0.0761
0.2596,0.0019,0.0761
0.2599,0.0018,0.0762
0.2602,0.0018,0.0763
0.2604,0.0017,0.0763
0.2607,0.0017,0.0764
0.2610,0.0016,0.0765
0.2613,0.0016,0.0766
0.2616,0.0015,0.0766
0.2619,0.0015,0.0767
0.2621,0.0014,0.0768
0.2624,0.0014,0.0769
0.2627,0.0013,0.0769
0.2630,0.0013,0.0770
0.2632,0.0013,0.0771
0.2635,0.0012,0.0772
0.2638,0.0012,0.0773
0.2641,0.0011,0.0774
0.2643,0.0011,0.0774
0.2646,0.0011,0.0775
0.2649,0.0010,0.0776
0.2651,0.0010,0.0777
0.2654,0.0010,0.0778
0.2657,0.0010,0.0779
0.2659,0.0009,0.0780
0.2662,0.0009,0.0780
0.2665,0.0009,0.0781
0.2667,0.0008,0.0782
0.2670,0.0008,0.0783
0.2673,0.0008,0.0784
0.2675,0.0008,0.0785
0.2678,0.0007,0.0786
0.2680,0.0007,0.0786
0.2683,0.0007,0.0787
0.2686,0.0007,0.0788
0.2688,0.0007,0.0789
0.2691,0.0006,0.0790
0.2694,0.0006,0.0791
0.2696,0.0006,0.0791
0.2699,0.0006,0.0792
0.2701,0.0005,0.0793
0.2704,0.0005,0.0794
0.2707,0.0005,0.0795
0.2709,0.0005,0.0795
0.2712,0.0005,0.0796
0.2715,0.0004,0.0797
0.2717,0.0004,0.0798
0.2720,0.0004,0.0799
0.2722,0.0004,0.0799
0.2725,0.0004,0.0800
0.2728,0.0004,0.0801
0.2730,0.0003,0.0802
0.2733,0.0003,0.0803
0.2736,0.0003,0.0803
0.2738,0.0003,0.0804
0.2741,0.0003,0.0805
0.2744,0.0002,0.0806
0.2746,0.0002,0.0806
0.2749,0.0002,0.0807
0.2752,0.0002,0.0808
0.2754,0.0002,0.0808
0.2757,0.0002,0.0809
0.2760,0.0001,0.0810
0.2762,0.0001,0.0811
0.2765,0.0001,0.0811
0.2768,0.0001,0.0812
0.2771,0.0001,0.0813
0.2773,0.0001,0.0813
0.2776,0.0000,0.0814
0.2779,0.0000,0.0815
0.2781,0.0000,0.0815
0.2784,-0.0000,0.0816
0.2787,-0.0000,0.0817
0.2790,-0.0000,0.0817
0.2792,-0.0001,0.0818
0.2795,-0.0001,0.0818
0.2798,-0.0001,0.0819
0.2801,-0.0001,0.0820
0.2804,-0.0001,0.0820
0.2806,-0.0001,0.0821
0.2809,-0.0002,0.0821
0.2812,-0.0002,0.0822
0.2815,-0.0002,0.0823
0.2818,-0.0002,0.0823
0.2820,-0.0002,0.0824
0.2823,-0.0002,0.0824
0.2826,-0.0003,0.0825
0.2829,-0.0003,0.0825
0.2832,-0.0003,0.0826
0.2835,-0.0003,0.0826
0.2837,-0.0003,0.0827
0.2840,-0.0003,0.0827
0.2843,-0.0003,0.0828
0.2846,-0.0004,0.0828
0.2849,-0.0004,0.0829
0.2852,-0.0004,0.0829
0.2855,-0.0004,0.0830
0.2857,-0.0004,0.0830
0.2860,-0.0004,0.0831
0.2863,-0.0004,0.0831
0.2866,-0.0005,0.0831
0.2869,-0.0005,0.0832
0.2872,-0.0005,0.0832
0.2875,-0.0005,0.0833
0.2878,-0.0005,0.0833
0.2881,-0.0005,0.0833
0.2884,-0.0005,0.0834
0.2887,-0.0006,0.0834
0.2890,-0.0006,0.0834
0.2893,-0.0006,0.0835
0.2896,-0.0006,0.0835
0.2899,-0.0006,0.0835
0.2902,-0.0006,0.0836
0.2905,-0.0006,0.0836
0.2908,-0.0007,0.0836
0.2911,-0.0007,0.0836
0.2914,-0.0007,0.0837
0.2917,-0.0007,0.0837
0.2920,-0.0007,0.0837
0.2923,-0.0007,0.0837
0.2926,-0.0007,0.0838
0.2929,-0.0008,0.0838
0.2932,-0.0008,0.0838
0.2935,-0.0008,0.0838
0.2938,-0.0008,0.0838
0.2941,-0.0008,0.0838
0.2944,-0.0008,0.0839
0.2947,-0.0008,0.0839
0.2950,-0.0008,0.0839
0.2953,-0.0009,0.0839
0.2957,-0.0009,0.0839
0.2960,-0.0009,0.0839
0.2963,-0.0009,0.0839
0.2966,-0.0009,0.0839
0.2969,-0.0009,0.0839
0.2972,-0.0009,0.0839
0.2975,-0.0009,0.0839
0.2978,-0.0010,0.0840
0.2982,-0.0010,0.0840
0.2985,-0.0010,0.0840
0.2988,-0.0010,0.0840
0.2991,-0.0010,0.0840
0.2994,-0.0010,0.0839
0.2998,-0.0010,0.0839
0.3001,-0.0010,0.0839
0.3004,-0.0010,0.0839
0.3007,-0.0011,0.0839
0.3010,-0.0011,0.0839
0.3014,-0.0011,0.0839
0.3017,-0.0011,0.0839
0.3020,-0.0011,0.0839
0.3023,-0.0011,0.0839
0.3026,-0.0011,0.0839
0.3030,-0.0011,0.0838
0.3033,-0.0011,0.0838
0.3036,-0.0012,0.0838
0.3039,-0.0012,0.0838
0.3043,-0.0012,0.0838
0.3046,-0.0012,0.0837
0.3049,-0.0012,0.0837
0.3053,-0.0012,0.0837
0.3056,-0.0012,0.0837
0.3059,-0.0012,0.0837
0.3062,-0.0012,0.0836
0.3066,-0.0012,0.0836
0.3069,-0.0013,0.0836
0.3072,-0.0013,0.0835
0.3076,-0.0013,0.0835
0.3079,-0.0013,0.0835
0.3082,-0.0013,0.0834
0.3086,-0.0013,0.0834
0.3089,-0.0013,0.0834
0.3092,-0.0013,0.0833
0.3096,-0.0013,0.0833
0.3099,-0.0013,0.0832
0.3102,-0.0013,0.0832
0.3106,-0.0013,0.0832
0.3109,-0.0014,0.0831
0.3113,-0.0014,0.0831
0.3116,-0.0014,0.0830
0.3119,-0.0014,0.0830
0.3123,-0.0014,0.0829
0.3126,-0.0014,0.0829
0.3129,-0.0014,0.0828
0.3133,-0.0014,0.0828
0.3136,-0.0014,0.0827
0.3140,-0.0014,0.0827
0.3143,-0.0014,0.0826
0.3146,-0.0014,0.0825
0.3150,-0.0014,0.0825
0.3153,-0.0014,0.0824
0.3157,-0.0014,0.0824
0.3160,-0.0015,0.0823
0.3164,-0.0015,0.0822
0.3167,-0.0015,0.0822
0.3170,-0.0015,0.0821
0.3174,-0.0015,0.0820
0.3177,-0.0015,0.0820
0.3181,-0.0015,0.0819
0.3184,-0.0015,0.0818
0.3188,-0.0015,0.0817
0.3191,-0.0015,0.0817
0.3195,-0.0015,0.0816
0.3198,-0.0015,0.0815
0.3201,-0.0015,0.0814
0.3205,-0.0015,0.0813
0.3208,-0.0015,0.0813
0.3212,-0.0015,0.0812
0.3215,-0.0015,0.0811
0.3219,-0.0015,0.0810
0.3222,-0.0015,0.0809
0.3226,-0.0016,0.0808
0.3229,-0.0016,0.0807
0.3233,-0.0016,0.0806
0.3236,-0.0016,0.0805
0.3240,-0.0016,0.0804
0.3243,-0.0016,0.0803
0.3247,-0.0016,0.0802
0.3250,-0.0016,0.0801
0.3254,-0.0016,0.0800
0.3257,-0.0016,0.0799
0.3261,-0.0016,0.0798
0.3264,-0.0016,0.0797
0.3268,-0.0016,0.0796
0.3271,-0.0016,0.0795
0.3275,-0.0016,0.0794
0.3278,-0.0016,0.0793
0.3282,-0.0016,0.0792
0.3285,-0.0016,0.0790
0.3289,-0.0016,0.0789
0.3292,-0.0016,0.0788
0.3296,-0.0016,0.0787
0.3299,-0.0016,0.0786
0.3303,-0.0016,0.0784
0.3306,-0.0016,0.0783
0.3310,-0.0016,0.0782
0.3314,-0.0016,0.0781
0.3317,-0.0016,0.0779
0.3321,-0.0016,0.0778
0.3324,-0.0016,0.0777
0.3328,-0.0017,0.0775
0.3331,-0.0017,0.0774
0.3335,-0.0017,0.0773
0.3338,-0.0017,0.0771
0.3342,-0.0017,0.0770
0.3345,-0.0017,0.0768
0.3349,-0.0017,0.0767
0.3353,-0.0017,0.0766
0.3356,-0.0017,0.0764
0.3360,-0.0017,0.0763
0.3363,-0.0017,0.0761
0.3367,-0.0017,0.0760
0.3370,-0.0017,0.0758
0.3374,-0.0017,0.0757
0.3377,-0.0017,0.0755
0.3381,-0.0017,0.0754
0.3384,-0.0017,0.0752
0.3388,-0.0016,0.0750
0.3392,-0.0016,0.0749
0.3395,-0.0016,0.0747
0.3399,-0.0016,0.0746
0.3402,-0.0016,0.0744
0.3406,-0.0016,0.0742
0.3409,-0.0016,0.0741
0.3413,-0.0016,0.0739
0.3417,-0.0016,0.0737
0.3420,-0.0016,0.0736
0.3424,-0.0016,0.0734
0.3427,-0.0016,0.0732
0.3431,-0.0016,0.0731
0.3435,-0.0015,0.0729
0.3438,-0.0015,0.0727
0.3442,-0.0015,0.0725
0.3446,-0.0015,0.0724
0.3449,-0.0015,0.0722
0.3453,-0.0015,0.0720
0.3456,-0.0015,0.0719
0.3460,-0.0014,0.0717
0.3464,-0.0014,0.0715
0.3468,-0.0014,0.0714
0.3471,-0.0014,0.0712
0.3475,-0.0013,0.0710
0.3479,-0.0013,0.0709
0.3483,-0.0013,0.0707
0.3487,-0.0013,0.0706
0.3491,-0.0013,0.0704
0.3496,-0.0013,0.0702
0.3500,-0.0012,0.0701
0.3504,-0.0012,0.0700
0.3509,-0.0012,0.0698
0.3513,-0.0012,0.0697
0.3518,-0.0012,0.0696
0.3523,-0.0012,0.0694
0.3527,-0.0011,0.0693
0.3532,-0.0011,0.0692
0.3537,-0.0011,0.0691
0.3542,-0.0011,0.0690
0.3547,-0.0011,0.0689
0.3552,-0.0010,0.0688
0.3557,-0.0010,0.0687
0.3562,-0.0010,0.0686
0.3567,-0.0009,0.0686
0.3572,-0.0009,0.0685
0.3577,-0.0009,0.0684
0.3582,-0.0008,0.0684
0.3587,-0.0008,0.0683
0.3593,-0.0007,0.0683
0.3598,-0.0007,0.0683
0.3603,-0.0006,0.0682
0.3608,-0.0006,0.0682
0.3613,-0.0005,0.0682
0.3618,-0.0004,0.0682
0.3623,-0.0003,0.0681
0.3627,-0.0003,0.0681
0.3632,-0.0002,0.0681
0.3637,-0.0001,0.0681
0.3641,-0.0000,0.0681
0.3646,0.0001,0.0681
0.3650,0.0002,0.0681
0.3654,0.0003,0.0681
0.3658,0.0003,0.0681
0.3663,0.0004,0.0681
0.3667,0.0005,0.0682
0.3671,0.0006,0.0682
0.3675,0.0007,0.0682
0.3679,0.0008,0.0682
0.3682,0.0009,0.0683
0.3686,0.0010,0.0683
0.3690,0.0011,0.0684
0.3694,0.0011,0.0684
0.3697,0.0012,0.0684
0.3701,0.0013,0.0685
0.3704,0.0014,0.0686
0.3708,0.0015,0.0686
0.3711,0.0015,0.0687
0.3715,0.0016,0.0688
0.3718,0.0017,0.0688
0.3721,0.0017,0.0689
0.3725,0.0018,0.0690
0.3728,0.0019,0.0691
0.3731,0.0019,0.0692
0.3734,0.0020,0.0693
0.3737,0.0021,0.0694
0.3740,0.0021,0.0695
0.3743,0.0022,0.0696
0.3746,0.0022,0.0697
0.3749,0.0022,0.0698
0.3752,0.0023,0.0699
0.3755,0.0023,0.0700
0.3757,0.0024,0.0702
0.3760,0.0024,0.0703
0.3763,0.0024,0.0704
0.3766,0.0025,0.0705
0.3768,0.0025,0.0706
0.3771,0.0025,0.0707
0.3774,0.0026,0.0708
0.3777,0.0026,0.0710
0.3779,0.0026,0.0711
0.3782,0.0026,0.0712
0.3784,0.0027,0.0713
0.3787,0.0027,0.0714
0.3790,0.0027,0.0715
0.3792,0.0027,0.0717
0.3795,0.0027,0.0718
0.3797,0.0028,0.0719
0.3800,0.0028,0.0720
0.3803,0.0028,0.0721
0.3805,0.0028,0.0722
0.3808,0.0028,0.0723
0.3810,0.0029,0.0724
0.3813,0.0029,0.0725
0.3815,0.0029,0.0727
0.3818,0.0029,0.0728
0.3820,0.0029,0.0729
0.3823,0.0029,0.0730
0.3825,0.0030,0.0731
0.3828,0.0030,0.0732
0.3830,0.0030,0.0733
0.3833,0.0030,0.0734
0.3835,0.0030,0.0735
0.3838,0.0030,0.0736
0.3840,0.0031,0.0737
0.3843,0.0031,0.0738
0.3845,0.0031,0.0739
0.3848,0.0031,0.0740
0.3850,0.0031,0.0742
0.3853,0.0031,0.0743
0.3855,0.0032,0.0744
0.3858,0.0032,0.0745
0.3860,0.0032,0.0746
0.3863,0.0032,0.0747
0.3865,0.0032,0.0748
0.3868,0.0032,0.0749
0.3870,0.0033,0.0750
0.3873,0.0033,0.0751
0.3876,0.0033,0.0752
0.3878,0.0033,0.0753
0.3881,0.0033,0.0753
0.3883,0.0033,0.0754
0.3886,0.0034,0.0755
0.3888,0.0034,0.0756
0.3891,0.0034,0.0757
0.3893,0.0034,0.0758
0.3896,0.0034,0.0759
0.3898,0.0034,0.0760
0.3901,0.0034,0.0761
0.3904,0.0035,0.0762
0.3906,0.0035,0.0763
0.3909,0.0035,0.0764
0.3911,0.0035,0.0764
0.3914,0.0035,0.0765
0.3917,0.0035,0.0766
0.3919,0.0036,0.0767
0.3922,0.0036,0.0768
0.3924,0.0036,0.0769
0.3927,0.0036,0.0770
0.3930,0.0036,0.0770
0.3932,0.0036,0.0771
0.3935,0.0037,0.0772
0.3938,0.0037,0.0773
0.3940,0.0037,0.0774
0.3943,0.0037,0.0774
0.3946,0.0037,0.0775
0.3948,0.0037,0.0776
0.3951,0.0038,0.0777
0.3954,0.0038,0.0777
0.3956,0.0038,0.0778
0.3959,0.0038,0.0779
0.3962,0.0038,0.0780
0.3965,0.0038,0.0780
0.3967,0.0039,0.0781
0.3970,0.0039,0.0782
0.3973,0.0039,0.0783
0.3976,0.0039,0.0783
0.3978,0.0039,0.0784
0.3981,0.0039,0.0785
0.3984,0.0040,0.0785
0.3987,0.0040,0.0786
0.3989,0.0040,0.0787
0.3992,0.0040,0.0787
0.3995,0.0040,0.0788
0.3998,0.0040,0.0789
0.4001,0.0040,0.0789
0.4003,0.0041,0.0790
0.4006,0.0041,0.0790
0.4009,0.0041,0.0791
0.4012,0.0041,0.0791
0.4015,0.0041,0.0792
0.4018,0.0041,0.0793
0.4020,0.0042,0.0793
0.4023,0.0042,0.0794
0.4026,0.0042,0.0794
0.4029,0.0042,0.0795
0.4032,0.0042,0.0795
0.4035,0.0042,0.0796
0.4038,0.0042,0.0796
0.4041,0.0043,0.0797
0.4044,0.0043,0.0797
0.4046,0.0043,0.0798
0.4049,0.0043,0.0798
0.4052,0.0043,0.0799
0.4055,0.0043,0.0799
0.4058,0.0044,0.0799
0.4061,0.0044,0.0800
0.4064,0.0044,0.0800
0.4067,0.0044,0.0801
0.4070,0.0044,0.0801
0.4073,0.0044,0.0801
0.4076,0.0044,0.0802
0.4079,0.0045,0.0802
0.4082,0.0045,0.0803
0.4085,0.0045,0.0803
0.4088,0.0045,0.0803
0.4091,0.0045,0.0803
0.4094,0.0045,0.0804
0.4097,0.0046,0.0804
0.4100,0.0046,0.0804
0.4103,0.0046,0.0805
0.4106,0.0046,0.0805
0.4110,0.0046,0.0805
0.4113,0.0046,0.0805
0.4116,0.0046,0.0806
0.4119,0.0047,0.0806
0.4122,0.0047,0.0806
0.4125,0.0047,0.0806
0.4128,0.0047,0.0806
0.4131,0.0047,0.0806
0.4134,0.0047,0.0807
0.4137,0.0047,0.0807
0.4141,0.0048,0.0807
0.4144,0.0048,0.0807
0.4147,0.0048,0.0807
0.4150,0.0048,0.0807
0.4153,0.0048,0.0807
0.4156,0.0048,0.0807
0.4160,0.0048,0.0807
0.4163,0.0048,0.0807
0.4166,0.0049,0.0808
0.4169,0.0049,0.0808
0.4172,0.0049,0.0808
0.4175,0.0049,0.0808
0.4179,0.0049,0.0808
0.4182,0.0049,0.0808
0.4185,0.0049,0.0808
0.4188,0.0050,0.0807
0.4192,0.0050,0.0807
0.4195,0.0050,0.0807
0.4198,0.0050,0.0807
0.4201,0.0050,0.0807
0.4205,0.0050,0.0807
0.4208,0.0050,0.0807
0.4211,0.0050,0.0807
0.4214,0.0051,0.0807
0.4218,0.0051,0.0807
0.4221,0.0051,0.0806
0.4224,0.0051,0.0806
0.4227,0.0051,0.0806
0.4231,0.0051,0.0806
0.4234,0.0051,0.0806
0.4237,0.0051,0.0805
0.4241,0.0052,0.0805
0.4244,0.0052,0.0805
0.4247,0.0052,0.0805
0.4251,0.0052,0.0804
0.4254,0.0052,0.0804
0.4257,0.0052,0.0804
0.4261,0.0052,0.0803
0.4264,0.0052,0.0803
0.4267,0.0052,0.0803
0.4271,0.0053,0.0802
0.4274,0.0053,0.0802
0.4277,0.0053,0.0801
0.4281,0.0053,0.0801
0.4284,0.0053,0.0801
0.4287,0.0053,0.0800
0.4291,0.0053,0.0800
0.4294,0.0053,0.0799
0.4298,0.0053,0.0799
0.4301,0.0054,0.0798
0.4304,0.0054,0.0798
0.4308,0.0054,0.0797
0.4311,0.0054,0.0797
0.4315,0.0054,0.0796
0.4318,0.0054,0.0796
0.4321,0.0054,0.0795
0.4325,0.0054,0.0795
0.4328,0.0054,0.0794
0.4332,0.0054,0.0793
0.4335,0.0055,0.0793
0.4338,0.0055,0.0792
0.4342,0.0055,0.0792
0.4345,0.0055,0.0791
0.4349,0.0055,0.0790
0.4352,0.0055,0.0790
0.4356,0.0055,0.0789
0.4359,0.0055,0.0788
0.4362,0.0055,0.0788
0.4366,0.0055,0.0787
0.4369,0.0055,0.0786
0.4373,0.0055,0.0786
0.4376,0.0055,0.0785
0.4380,0.0055,0.0784
0.4383,0.0055,0.0783
0.4387,0.0055,0.0783
0.4390,0.0055,0.0782
0.4394,0.0055,0.0781
0.4397,0.0055,0.0780
0.4401,0.0055,0.0780
0.4405,0.0055,0.0779
0.4408,0.0055,0.0778
0.4412,0.0055,0.0777
0.4415,0.0055,0.0776
0.4419,0.0055,0.0776
0.4422,0.0055,0.0775
0.4426,0.0055,0.0774
0.4430,0.0055,0.0773
0.4433,0.0055,0.0772
0.4437,0.0055,0.0772
0.4441,0.0055,0.0771
0.4444,0.0055,0.0770
0.4448,0.0055,0.0769
0.4452,0.0054,0.0768
0.4455,0.0054,0.0768
0.4459,0.0054,0.0767
0.4463,0.0054,0.0766
0.4467,0.0054,0.0765
0.4470,0.0054,0.0764
0.4474,0.0053,0.0764
0.4478,0.0053,0.0763
0.4482,0.0053,0.0762
0.4485,0.0053,0.0762
0.4489,0.0052,0.0761
0.4493,0.0052,0.0760
0.4497,0.0052,0.0760
0.4501,0.0052,0.0759
0.4505,0.0051,0.0758
0.4508,0.0051,0.0758
0.4512,0.0051,0.0757
0.4516,0.0050,0.0757
0.4520,0.0050,0.0756
0.4524,0.0050,0.0756
0.4528,0.0049,0.0755
0.4532,0.0049,0.0755
0.4535,0.0048,0.0754
0.4539,0.0048,0.0754
0.4543,0.0048,0.0754
0.4547,0.0047,0.0754
0.4551,0.0047,0.0753
0.4555,0.0046,0.0753
0.4559,0.0046,0.0753
0.4562,0.0045,0.0753
0.4566,0.0045,0.0753
0.4570,0.0044,0.0753
0.4574,0.0044,0.0753
0.4577,0.0043,0.0754
0.4581,0.0042,0.0754
0.4584,0.0042,0.0754
0.4588,0.0041,0.0754
0.4591,0.0040,0.0755
0.4595,0.0040,0.0755
0.4598,0.0039,0.0755
0.4601,0.0038,0.0756
0.4605,0.0037,0.0756
0.4608,0.0037,0.0756
0.4611,0.0036,0.0756
0.4614,0.0035,0.0757
0.4617,0.0034,0.0757
0.4621,0.0034,0.0757
0.4624,0.0033,0.0757
0.4627,0.0032,0.0758
0.4630,0.0031,0.0758
0.4633,0.0030,0.0758
0.4636,0.0030,0.0758
0.4639,0.0029,0.0759
0.4642,0.0028,0.0759
0.4645,0.0027,0.0759
0.4649,0.0027,0.0760
0.4652,0.0026,0.0760
0.4655,0.0025,0.0761
0.4658,0.0024,0.0761
0.4661,0.0024,0.0761
0.4664,0.0023,0.0762
0.4667,0.0022,0.0762
0.4670,0.0021,0.0763
0.4674,0.0021,0.0763
0.4677,0.0020,0.0764
0.4680,0.0019,0.0764
0.4683,0.0019,0.0765
0.4686,0.0018,0.0765
0.4689,0.0017,0.0766
0.4692,0.0016,0.0766
0.4695,0.0016,0.0767
0.4698,0.0015,0.0767
0.4701,0.0014,0.0768
0.4704,0.0014,0.0768
0.4707,0.0013,0.0769
0.4710,0.0013,0.0770
0.4713,0.0012,0.0770
0.4716,0.0011,0.0771
0.4719,0.0011,0.0771
0.4721,0.0010,0.0772
0.4724,0.0010,0.0773
0.4727,0.0009,0.0773
0.4730,0.0009,0.0774
0.4733,0.0008,0.0775
0.4736,0.0008,0.0775
0.4738,0.0007,0.0776
0.4741,0.0007,0.0777
0.4744,0.0006,0.0778
0.4747,0.0006,0.0778
0.4750,0.0005,0.0779
0.4752,0.0005,0.0780
0.4755,0.0004,0.0781
0.4758,0.0004,0.0781
0.4760,0.0004,0.0782
0.4763,0.0003,0.0783
0.4766,0.0003,0.0784
0.4769,0.0002,0.0785
0.4771,0.0002,0.0785
0.4774,0.0002,0.0786
0.4777,0.0001,0.0787
0.4779,0.0001,0.0788
0.4782,0.0001,0.0789
0.4785,0.0001,0.0789
0.4787,0.0000,0.0790
0.4790,-0.0000,0.0791
0.4792,-0.0000,0.0792
0.4795,-0.0001,0.0793
0.4798,-0.0001,0.0794
0.4800,-0.0001,0.0794
0.4803,-0.0001,0.0795
0.4806,-0.0002,0.0796
0.4808,-0.0002,0.0797
0.4811,-0.0002,0.0798
0.4814,-0.0002,0.0798
0.4816,-0.0003,0.0799
0.4819,-0.0003,0.0800
0.4821,-0.0003,0.0801
0.4824,-0.0003,0.0802
0.4827,-0.0004,0.0802
0.4829,-0.0004,0.0803
0.4832,-0.0004,0.0804
0.4835,-0.0004,0.0805
0.4837,-0.0004,0.0806
0.4840,-0.0005,0.0806
0.4843,-0.0005,0.0807
0.4845,-0.0005,0.0808
0.4848,-0.0005,0.0809
0.4850,-0.0006,0.0809
0.4853,-0.0006,0.0810
0.4856,-0.0006,0.0811
0.4858,-0.0006,0.0812
0.4861,-0.0006,0.0812
0.4864,-0.0007,0.0813
0.4866,-0.0007,0.0814
0.4869,-0.0007,0.0814
0.4872,-0.0007,0.0815
0.4875,-0.0007,0.0816
0.4877,-0.0007,0.0817
0.4880,-0.0008,0.0817
0.4883,-0.0008,0.0818
0.4885,-0.0008,0.0819
0.4888,-0.0008,0.0819
0.4891,-0.0008,0.0820
0.4893,-0.0009,0.0821
0.4896,-0.0009,0.0821
0.4899,-0.0009,0.0822
0.4902,-0.0009,0.0823
0.4904,-0.0009,0.0823
0.4907,-0.0010,0.0824
0.4910,-0.0010,0.0824
0.4913,-0.0010,0.0825
0.4915,-0.0010,0.0826
0.4918,-0.0010,0.0826
0.4921,-0.0010,0.0827
0.4924,-0.0011,0.0827
0.4927,-0.0011,0.0828
0.4929,-0.0011,0.0829
0.4932,-0.0011,0.0829
0.4935,-0.0011,0.0830
0.4938,-0.0011,0.0830
0.4941,-0.0012,0.0831
0.4943,-0.0012,0.0831
0.4946,-0.0012,0.0832
0.4949,-0.0012,0.0832
0.4952,-0.0012,0.0833
0.4955,-0.0012,0.0833
0.4958,-0.0013,0.0834
0.4961,-0.0013,0.0834
0.4963,-0.0013,0.0835
0.4966,-0.0013,0.0835
0.4969,-0.0013,0.0836
0.4972,-0.0013,0.0836
0.4975,-0.0014,0.0836
0.4978,-0.0014,0.0837
0.4981,-0.0014,0.0837
0.4984,-0.0014,0.0838
0.4987,-0.0014,0.0838
0.4989,-0.0014,0.0839
0.4992,-0.0015,0.0839
0.4995,-0.0015,0.0839
0.4998,-0.0015,0.0840
0.5001,-0.0015,0.0840
0.5004,-0.0015,0.0840
0.5007,-0.0015,0.0841
0.5010,-0.0016,0.0841
0.5013,-0.0016,0.0841
0.5016,-0.0016,0.0842
0.5019,-0.0016,0.0842
0.5022,-0.0016,0.0842
0.5025,-0.0016,0.0843
0.5028,-0.0016,0.0843
0.5031,-0.0017,0.0843
0.5034,-0.0017,0.0843
0.5037,-0.0017,0.0844
0.5040,-0.0017,0.0844
0.5043,-0.0017,0.0844
0.5046,-0.0017,0.0844
0.5049,-0.0018,0.0844
0.5052,-0.0018,0.0845
0.5055,-0.0018,0.0845
0.5059,-0.0018,0.0845
0.5062,-0.0018,0.0845
0.5065,-0.0018,0.0845
0.5068,-0.0018,0.0845
0.5071,-0.0019,0.0845
0.5074,-0.0019,0.0846
0.5077,-0.0019,0.0846
0.5080,-0.0019,0.0846
0.5083,-0.0019,0.0846
0.5086,-0.0019,0.0846
0.5090,-0.0019,0.0846
0.5093,-0.0020,0.0846
0.5096,-0.0020,0.0846
0.5099,-0.0020,0.0846
0.5102,-0.0020,0.0846
0.5105,-0.0020,0.0846
0.5109,-0.0020,0.0846
0.5112,-0.0020,0.0846
0.5115,-0.0020,0.0846
0.5118,-0.0021,0.0846
0.5121,-0.0021,0.0846
0.5124,-0.0021,0.0846
0.5128,-0.0021,0.0846
0.5131,-0.0021,0.0846
0.5134,-0.0021,0.0846
0.5137,-0.0021,0.0845
0.5141,-0.0021,0.0845
0.5144,-0.0022,0.0845
0.5147,-0.0022,0.0845
0.5150,-0.0022,0.0845
0.5154,-0.0022,0.0845
0.5157,-0.0022,0.0845
0.5160,-0.0022,0.0844
0.5163,-0.0022,0.0844
0.5167,-0.0022,0.0844
0.5170,-0.0023,0.0844
0.5173,-0.0023,0.0843
0.5176,-0.0023,0.0843
0.5180,-0.0023,0.0843
0.5183,-0.0023,0.0843
0.5186,-0.0023,0.0842
0.5190,-0.0023,0.0842
0.5193,-0.0023,0.0842
0.5196,-0.0023,0.0841
0.5200,-0.0024,0.0841
0.5203,-0.0024,0.0841
0.5206,-0.0024,0.0840
0.5210,-0.0024,0.0840
0.5213,-0.0024,0.0840
0.5216,-0.0024,0.0839
0.5220,-0.0024,0.0839
0.5223,-0.0024,0.0838
0.5227,-0.0024,0.0838
0.5230,-0.0024,0.0838
0.5233,-0.0025,0.0837
0.5237,-0.0025,0.0837
0.5240,-0.0025,0.0836
0.5243,-0.0025,0.0836
0.5247,-0.0025,0.0835
0.5250,-0.0025,0.0835
0.5254,-0.0025,0.0834
0.5257,-0.0025,0.0833
0.5260,-0.0025,0.0833
0.5264,-0.0025,0.0832
0.5267,-0.0025,0.0832
0.5271,-0.0025,0.0831
0.5274,-0.0026,0.0830
0.5278,-0.0026,0.0830
0.5281,-0.0026,0.0829
0.5284,-0.0026,0.0829
0.5288,-0.0026,0.0828
0.5291,-0.0026,0.0827
0.5295,-0.0026,0.0826
0.5298,-0.0026,0.0826
0.5302,-0.0026,0.0825
0.5305,-0.0026,0.0824
0.5309,-0.0026,0.0824
0.5312,-0.0026,0.0823
0.5316,-0.0026,0.0822
0.5319,-0.0026,0.0821
0.5322,-0.0027,0.0820
0.5326,-0.0027,0.0820
0.5329,-0.0027,0.0819
0.5333,-0.0027,0.0818
0.5336,-0.0027,0.0817
0.5340,-0.0027,0.0816
0.5343,-0.0027,0.0815
0.5347,-0.0027,0.0814
0.5350,-0.0027,0.0813
0.5354,-0.0027,0.0812
0.5357,-0.0027,0.0811
0.5361,-0.0027,0.0810
0.5364,-0.0027,0.0809
0.5368,-0.0027,0.0808
0.5371,-0.0027,0.0807
0.5375,-0.0027,0.0806
0.5378,-0.0028,0.0805
0.5382,-0.0028,0.0804
0.5385,-0.0028,0.0803
0.5389,-0.0028,0.0802
0.5392,-0.0028,0.0801
0.5396,-0.0028,0.0800
0.5399,-0.0028,0.0799
0.5403,-0.0028,0.0798
0.5407,-0.0028,0.0796
0.5410,-0.0028,0.0795
0.5414,-0.0028,0.0794
0.5417,-0.0028,0.0793
0.5421,-0.0028,0.0792
0.5424,-0.0028,0.0790
0.5428,-0.0028,0.0789
0.5431,-0.0028,0.0788
0.5435,-0.0028,0.0787
0.5438,-0.0028,0.0785
0.5442,-0.0028,0.0784
0.5446,-0.0028,0.0783
0.5449,-0.0028,0.0781
0.5453,-0.0028,0.0780
0.5456,-0.0029,0.0779
0.5460,-0.0029,0.0777
0.5463,-0.0029,0.0776
0.5467,-0.0029,0.0774
0.5470,-0.0029,0.0773
0.5474,-0.0029,0.0772
0.5478,-0.0029,0.0770
0.5481,-0.0029,0.0769
0.5485,-0.0029,0.0767
0.5488,-0.0029,0.0766
0.5492,-0.0029,0.0764
0.5495,-0.0029,0.0763
0.5499,-0.0029,0.0761
0.5503,-0.0029,0.0760
0.5506,-0.0029,0.0758
0.5510,-0.0029,0.0756
0.5513,-0.0029,0.0755
0.5517,-0.0029,0.0753
0.5520,-0.0029,0.0752
0.5524,-0.0028,0.0750
0.5528,-0.0028,0.0748
0.5531,-0.0028,0.0747
0.5535,-0.0028,0.0745
0.5538,-0.0028,0.0743
0.5542,-0.0028,0.0742
0.5546,-0.0028,0.0740
0.5549,-0.0028,0.0738
0.5553,-0.0028,0.0737
0.5557,-0.0028,0.0735
0.5560,-0.0027,0.0733
0.5564,-0.0027,0.0732
0.5568,-0.0027,0.0730
0.5572,-0.0027,0.0728
0.5576,-0.0027,0.0726
0.5580,-0.0027,0.0725
0.5584,-0.0027,0.0723
0.5588,-0.0027,0.0721
0.5592,-0.0026,0.0720
0.5596,-0.0026,0.0718
0.5601,-0.0026,0.0716
0.5605,-0.0026,0.0715
0.5610,-0.0026,0.0713
0.5614,-0.0026,0.0712
0.5619,-0.0026,0.0710
0.5623,-0.0026,0.0709
0.5628,-0.0026,0.0707
0.5633,-0.0026,0.0706
0.5638,-0.0025,0.0705
0.5642,-0.0025,0.0703
0.5647,-0.0025,0.0702
0.5652,-0.0025,0.0701
0.5657,-0.0025,0.0700
0.5662,-0.0025,0.0699
0.5668,-0.0024,0.0697
0.5673,-0.0024,0.0696
0.5678,-0.0024,0.0696
0.5683,-0.0024,0.0695
0.5688,-0.0023,0.0694
0.5693,-0.0023,0.0693
0.5699,-0.0023,0.0692
0.5704,-0.0022,0.0692
0.5709,-0.0022,0.0691
0.5714,-0.0021,0.0690
0.5719,-0.0020,0.0690
0.5724,-0.0020,0.0689
0.5729,-0.0019,0.0689
0.5733,-0.0018,0.0688
0.5738,-0.0018,0.0688
0.5743,-0.0017,0.0687
0.5747,-0.0016,0.0687
0.5752,-0.0015,0.0687
0.5756,-0.0014,0.0686
0.5761,-0.0014,0.0686
0.5765,-0.0013,0.0686
0.5769,-0.0012,0.0686
0.5773,-0.0011,0.0686
0.5777,-0.0010,0.0685
0.5781,-0.0009,0.0685
0.5785,-0.0009,0.0685
0.5789,-0.0008,0.0685
0.5793,-0.0007,0.0685
0.5797,-0.0006,0.0686
0.5801,-0.0005,0.0686
0.5805,-0.0004,0.0686
0.5808,-0.0003,0.0686
0.5812,-0.0003,0.0686
0.5816,-0.0002,0.0687
0.5819,-0.0001,0.0687
0.5823,-0.0000,0.0688
0.5826,0.0000,0.0688
0.5830,0.0001,0.0689
0.5833,0.0002,0.0689
0.5836,0.0003,0.0690
0.5840,0.0003,0.0691
0.5843,0.0004,0.0691
0.5846,0.0005,0.0692
0.5849,0.0005,0.0693
0.5852,0.0006,0.0694
0.5855,0.0006,0.0695
0.5858,0.0007,0.0696
0.5861,0.0007,0.0697
0.5864,0.0008,0.0698
0.5867,0.0008,0.0699
0.5870,0.0009,0.0700
0.5873,0.0009,0.0701
0.5876,0.0010,0.0702
0.5879,0.0010,0.0703
0.5881,0.0010,0.0705
0.5884,0.0011,0.0706
0.5887,0.0011,0.0707
0.5889,0.0011,0.0708
0.5892,0.0011,0.0709
0.5895,0.0012,0.0710
0.5897,0.0012,0.0711
0.5900,0.0012,0.0713
0.5903,0.0012,0.0714
0.5905,0.0013,0.0715
0.5908,0.0013,0.0716
0.5911,0.0013,0.0717
0.5913,0.0013,0.0718
0.5916,0.0013,0.0719
0.5918,0.0014,0.0721
0.5921,0.0014,0.0722
0.5923,0.0014,0.0723
0.5926,0.0014,0.0724
0.5928,0.0014,0.0725
0.5931,0.0015,0.0726
0.5934,0.0015,0.0727
0.5936,0.0015,0.0728
0.5939,0.0015,0.0729
0.5941,0.0015,0.0731
0.5944,0.0015,0.0732
0.5946,0.0015,0.0733
0.5949,0.0016,0.0734
0.5951,0.0016,0.0735
0.5954,0.0016,0.0736
0.5956,0.0016,0.0737
0.5959,0.0016,0.0738
0.5961,0.0016,0.0739
0.5964,0.0016,0.0740
0.5966,0.0017,0.0741
0.5969,0.0017,0.0742
0.5971,0.0017,0.0743
0.5974,0.0017,0.0744
0.5976,0.0017,0.0745
0.5979,0.0017,0.0746
0.5981,0.0017,0.0747
0.5984,0.0018,0.0748
0.5986,0.0018,0.0749
0.5989,0.0018,0.0750
0.5991,0.0018,0.0751
0.5994,0.0018,0.0752
0.5996,0.0018,0.0753
0.5999,0.0018,0.0754
0.6001,0.0019,0.0755
0.6004,0.0019,0.0756
0.6006,0.0019,0.0757
0.6009,0.0019,0.0758
0.6012,0.0019,0.0759
0.6014,0.0019,0.0760
0.6017,0.0019,0.0761
0.6019,0.0019,0.0762
0.6022,0.0020,0.0763
0.6024,0.0020,0.0764
0.6027,0.0020,0.0764
0.6030,0.0020,0.0765
0.6032,0.0020,0.0766
0.6035,0.0020,0.0767
0.6037,0.0020,0.0768
0.6040,0.0021,0.0769
0.6043,0.0021,0.0770
0.6045,0.0021,0.0770
0.6048,0.0021,0.0771
0.6051,0.0021,0.0772
0.6053,0.0021,0.0773
0.6056,0.0021,0.0774
0.6059,0.0022,0.0774
0.6061,0.0022,0.0775
0.6064,0.0022,0.0776
0.6067,0.0022,0.0777
0.6069,0.0022,0.0778
0.6072,0.0022,0.0778
0.6075,0.0022,0.0779
0.6077,0.0023,0.0780
0.6080,0.0023,0.0781
0.6083,0.0023,0.0781
0.6085,0.0023,0.0782
0.6088,0.0023,0.0783
0.6091,0.0023,0.0783
0.6094,0.0023,0.0784
0.6096,0.0024,0.0785
0.6099,0.0024,0.0786
0.6102,0.0024,0.0786
0.6105,0.0024,0.0787
0.6107,0.0024,0.0788
0.6110,0.0024,0.0788
0.6113,0.0024,0.0789
0.6116,0.0024,0.0789
0.6119,0.0025,0.0790
0.6121,0.0025,0.0791
0.6124,0.0025,0.0791
0.6127,0.0025,0.0792
0.6130,0.0025,0.0793
0.6133,0.0025,0.0793
0.6136,0.0025,0.0794
0.6138,0.0026,0.0794
0.6141,0.0026,0.0795
0.6144,0.0026,0.0795
0.6147,0.0026,0.0796
0.6150,0.0026,0.0796
0.6153,0.0026,0.0797
0.6156,0.0026,0.0797
0.6159,0.0027,0.0798
0.6162,0.0027,0.0798
0.6164,0.0027,0.0799
0.6167,0.0027,0.0799
0.6170,0.0027,0.0800
0.6173,0.0027,0.0800
0.6176,0.0027,0.0801
0.6179,0.0027,0.0801
0.6182,0.0028,0.0802
0.6185,0.0028,0.0802
0.6188,0.0028,0.0802
0.6191,0.0028,0.0803
0.6194,0.0028,0.0803
0.6197,0.0028,0.0804
0.6200,0.0028,0.0804
0.6203,0.0028,0.0804
0.6206,0.0029,0.0805
0.6209,0.0029,0.0805
0.6212,0.0029,0.0805
0.6215,0.0029,0.0805
0.6218,0.0029,0.0806
0.6221,0.0029,0.0806
0.6224,0.0029,0.0806
0.6227,0.0029,0.0807
0.6230,0.0030,0.0807
0.6234,0.0030,0.0807
0.6237,0.0030,0.0807
0.6240,0.0030,0.0808
0.6243,0.0030,0.0808
0.6246,0.0030,0.0808
0.6249,0.0030,0.0808
0.6252,0.0030,0.0808
0.6255,0.0030,0.0808
0.6258,0.0031,0.0809
0.6261,0.0031,0.0809
0.6265,0.0031,0.0809
0.6268,0.0031,0.0809
0.6271,0.0031,0.0809
0.6274,0.0031,0.0809
0.6277,0.0031,0.0809
0.6280,0.0031,0.0809
0.6284,0.0032,0.0809
0.6287,0.0032,0.0809
0.6290,0.0032,0.0809
0.6293,0.0032,0.0809
0.6296,0.0032,0.0809
0.6300,0.0032,0.0809
0.6303,0.0032,0.0809
0.6306,0.0032,0.0809
0.6309,0.0032,0.0809
0.6312,0.0032,0.0809
0.6316,0.0033,0.0809
0.6319,0.0033,0.0809
0.6322,0.0033,0.0809
0.6325,0.0033,0.0809
0.6329,0.0033,0.0809
0.6332,0.0033,0.0809
0.6335,0.0033,0.0809
0.6338,0.0033,0.0808
0.6342,0.0033,0.0808
0.6345,0.0033,0.0808
0.6348,0.0034,0.0808
0.6352,0.0034,0.0808
0.6355,0.0034,0.0808
0.6358,0.0034,0.0807
0.6361,0.0034,0.0807
0.6365,0.0034,0.0807
0.6368,0.0034,0.0807
0.6371,0.0034,0.0806
0.6375,0.0034,0.0806
0.6378,0.0034,0.0806
0.6381,0.0034,0.0805
0.6385,0.0035,0.0805
0.6388,0.0035,0.0805
0.6391,0.0035,0.0804
0.6395,0.0035,0.0804
0.6398,0.0035,0.0804
0.6402,0.0035,0.0803
0.6405,0.0035,0.0803
0.6408,0.0035,0.0802
0.6412,0.0035,0.0802
0.6415,0.0035,0.0801
0.6418,0.0035,0.0801
0.6422,0.0036,0.0800
0.6425,0.0036,0.0800
0.6429,0.0036,0.0799
0.6432,0.0036,0.0799
0.6435,0.0036,0.0798
0.6439,0.0036,0.0798
0.6442,0.0036,0.0797
0.6446,0.0036,0.0797
0.6449,0.0036,0.0796
0.6452,0.0036,0.0796
0.6456,0.0036,0.0795
0.6459,0.0036,0.0795
0.6463,0.0036,0.0794
0.6466,0.0036,0.0793
0.6470,0.0036,0.0793
0.6473,0.0036,0.0792
0.6476,0.0036,0.0791
0.6480,0.0036,0.0791
0.6483,0.0036,0.0790
0.6487,0.0036,0.0789
0.6490,0.0036,0.0789
0.6494,0.0036,0.0788
0.6497,0.0036,0.0787
0.6501,0.0036,0.0787
0.6504,0.0036,0.0786
0.6508,0.0036,0.0785
0.6511,0.0036,0.0785
0.6515,0.0036,0.0784
0.6519,0.0036,0.0783
0.6522,0.0036,0.0782
0.6526,0.0036,0.0782
0.6529,0.0036,0.0781
0.6533,0.0036,0.0780
0.6537,0.0036,0.0779
0.6540,0.0036,0.0779
0.6544,0.0036,0.0778
0.6547,0.0036,0.0777
0.6551,0.0036,0.0777
0.6555,0.0035,0.0776
0.6559,0.0035,0.0775
0.6562,0.0035,0.0774
0.6566,0.0035,0.0774
0.6570,0.0035,0.0773
0.6573,0.0034,0.0772
0.6577,0.0034,0.0771
0.6581,0.0034,0.0771
0.6585,0.0034,0.0770
0.6588,0.0033,0.0769
0.6592,0.0033,0.0769
0.6596,0.0033,0.0768
0.6600,0.0033,0.0767
0.6604,0.0032,0.0767
0.6607,0.0032,0.0766
0.6611,0.0032,0.0766
0.6615,0.0031,0.0765
0.6619,0.0031,0.0765
0.6623,0.0031,0.0764
0.6627,0.0030,0.0764
0.6630,0.0030,0.0763
0.6634,0.0029,0.0763
0.6638,0.0029,0.0762
0.6642,0.0029,0.0762
0.6646,0.0028,0.0762
0.6650,0.0028,0.0762
0.6654,0.0027,0.0761
0.6657,0.0027,0.0761
0.6661,0.0026,0.0761
0.6665,0.0026,0.0761
0.6669,0.0025,0.0761
0.6672,0.0025,0.0761
0.6676,0.0024,0.0761
0.6680,0.0024,0.0761
0.6683,0.0023,0.0761
0.6687,0.0022,0.0762
0.6690,0.0022,0.0762
0.6694,0.0021,0.0762
0.6697,0.0020,0.0762
0.6700,0.0020,0.0762
0.6704,0.0019,0.0763
0.6707,0.0018,0.0763
0.6710,0.0018,0.0763
0.6713,0.0017,0.0763
0.6717,0.0016,0.0763
0.6720,0.0015,0.0764
0.6723,0.0015,0.0764
0.6726,0.0014,0.0764
0.6729,0.0013,0.0764
0.6732,0.0012,0.0765
0.6735,0.0011,0.0765
0.6739,0.0011,0.0765
0.6742,0.0010,0.0765
0.6745,0.0009,0.0766
0.6748,0.0008,0.0766
0.6751,0.0008,0.0766
0.6755,0.0007,0.0767
0.6758,0.0006,0.0767
0.6761,0.0005,0.0767
0.6764,0.0004,0.0768
0.6767,0.0004,0.0768
0.6771,0.0003,0.0768
0.6774,0.0002,0.0769
0.6777,0.0001,0.0769
0.6780,0.0001,0.0770
0.6783,-0.0000,0.0770
0.6786,-0.0001,0.0770
0.6790,-0.0001,0.0771
0.6793,-0.0002,0.0771
0.6796,-0.0003,0.0772
0.6799,-0.0004,0.0772
0.6802,-0.0004,0.0772
0.6805,-0.0005,0.0773
0.6808,-0.0006,0.0773
0.6811,-0.0006,0.0774
0.6814,-0.0007,0.0774
0.6817,-0.0008,0.0775
0.6820,-0.0008,0.0775
0.6823,-0.0009,0.0776
0.6826,-0.0010,0.0776
0.6829,-0.0010,0.0777
0.6832,-0.0011,0.0777
0.6835,-0.0012,0.0778
0.6838,-0.0012,0.0778
0.6841,-0.0013,0.0779
0.6844,-0.0014,0.0779
0.6846,-0.0014,0.0780
0.6849,-0.0015,0.0780
0.6852,-0.0015,0.0781
0.6855,-0.0016,0.0782
0.6858,-0.0016,0.0782
0.6860,-0.0017,0.0783
0.6863,-0.0017,0.0784
0.6866,-0.0018,0.0784
0.6869,-0.0018,0.0785
0.6872,-0.0019,0.0786
0.6874,-0.0019,0.0786
0.6877,-0.0020,0.0787
0.6880,-0.0020,0.0788
0.6882,-0.0021,0.0788
0.6885,-0.0021,0.0789
0.6888,-0.0022,0.0790
0.6890,-0.0022,0.0791
0.6893,-0.0022,0.0792
0.6896,-0.0023,0.0792
0.6898,-0.0023,0.0793
0.6901,-0.0023,0.0794
0.6904,-0.0024,0.0795
0.6906,-0.0024,0.0795
0.6909,-0.0024,0.0796
0.6912,-0.0025,0.0797
0.6914,-0.0025,0.0798
0.6917,-0.0025,0.0799
0.6920,-0.0026,0.0799
0.6922,-0.0026,0.0800
0.6925,-0.0026,0.0801
0.6927,-0.0026,0.0802
0.6930,-0.0027,0.0803
0.6933,-0.0027,0.0803
0.6935,-0.0027,0.0804
0.6938,-0.0028,0.0805
0.6941,-0.0028,0.0806
0.6943,-0.0028,0.0806
0.6946,-0.0028,0.0807
0.6949,-0.0029,0.0808
0.6951,-0.0029,0.0809
0.6954,-0.0029,0.0810
0.6956,-0.0029,0.0810
0.6959,-0.0030,0.0811
0.6962,-0.0030,0.0812
0.6964,-0.0030,0.0813
0.6967,-0.0030,0.0813
0.6970,-0.0031,0.0814
0.6972,-0.0031,0.0815
0.6975,-0.0031,0.0815
0.6978,-0.0031,0.0816
0.6980,-0.0031,0.0817
0.6983,-0.0032,0.0818
0.6986,-0.0032,0.0818
0.6988,-0.0032,0.0819
0.6991,-0.0032,0.0820
0.6994,-0.0032,0.0820
0.6997,-0.0033,0.0821
0.6999,-0.0033,0.0822
0.7002,-0.0033,0.0822
0.7005,-0.0033,0.0823
0.7007,-0.0033,0.0824
0.7010,-0.0034,0.0824
0.7013,-0.0034,0.0825
0.7015,-0.0034,0.0826
0.7018,-0.0034,0.0826
0.7021,-0.0034,0.0827
0.7024,-0.0035,0.0828
0.7026,-0.0035,0.0828
0.7029,-0.0035,0.0829
0.7032,-0.0035,0.0829
0.7035,-0.0035,0.0830
0.7037,-0.0036,0.0831
0.7040,-0.0036,0.0831
0.7043,-0.0036,0.0832
0.7046,-0.0036,0.0832
0.7049,-0.0036,0.0833
0.7051,-0.0037,0.0833
0.7054,-0.0037,0.0834
0.7057,-0.0037,0.0835
0.7060,-0.0037,0.0835
0.7063,-0.0037,0.0836
0.7065,-0.0038,0.0836
0.7068,-0.0038,0.0837
0.7071,-0.0038,0.0837
0.7074,-0.0038,0.0838
0.7077,-0.0038,0.0838
0.7080,-0.0038,0.0839
0.7083,-0.0039,0.0839
0.7085,-0.0039,0.0839
0.7088,-0.0039,0.0840
0.7091,-0.0039,0.0840
0.7094,-0.0039,0.0841
0.7097,-0.0040,0.0841
0.7100,-0.0040,0.0842
0.7103,-0.0040,0.0842
0.7106,-0.0040,0.0842
0.7109,-0.0040,0.0843
0.7112,-0.0040,0.0843
0.7115,-0.0041,0.0843
0.7117,-0.0041,0.0844
0.7120,-0.0041,0.0844
0.7123,-0.0041,0.0845
0.7126,-0.0041,0.0845
0.7129,-0.0041,0.0845
0.7132,-0.0042,0.0846
0.7135,-0.0042,0.0846
0.7138,-0.0042,0.0846
0.7141,-0.0042,0.0846
0.7144,-0.0042,0.0847
0.7147,-0.0042,0.0847
0.7150,-0.0043,0.0847
0.7153,-0.0043,0.0847
0.7156,-0.0043,0.0848
0.7159,-0.0043,0.0848
0.7162,-0.0043,0.0848
0.7165,-0.0043,0.0848
0.7168,-0.0044,0.0849
0.7172,-0.0044,0.0849
0.7175,-0.0044,0.0849
0.7178,-0.0044,0.0849
0.7181,-0.0044,0.0849
0.7184,-0.0044,0.0849
0.7187,-0.0045,0.0850
0.7190,-0.0045,0.0850
0.7193,-0.0045,0.0850
0.7196,-0.0045,0.0850
0.7199,-0.0045,0.0850
0.7202,-0.0045,0.0850
0.7206,-0.0046,0.0850
0.7209,-0.0046,0.0850
0.7212,-0.0046,0.0850
0.7215,-0.0046,0.0850
0.7218,-0.0046,0.0850
0.7221,-0.0046,0.0850
0.7225,-0.0046,0.0850
0.7228,-0.0047,0.0850
0.7231,-0.0047,0.0850
0.7234,-0.0047,0.0850
0.7237,-0.0047,0.0850
0.7240,-0.0047,0.0850
0.7244,-0.0047,0.0850
0.7247,-0.0047,0.0850
0.7250,-0.0048,0.0850
0.7253,-0.0048,0.0850
0.7257,-0.0048,0.0850
0.7260,-0.0048,0.0850
0.7263,-0.0048,0.0850
0.7266,-0.0048,0.0849
0.7269,-0.0048,0.0849
0.7273,-0.0049,0.0849
0.7276,-0.0049,0.0849
0.7279,-0.0049,0.0849
0.7283,-0.0049,0.0848
0.7286,-0.0049,0.0848
0.7289,-0.0049,0.0848
0.7292,-0.0049,0.0848
0.7296,-0.0050,0.0848
0.7299,-0.0050,0.0847
0.7302,-0.0050,0.0847
0.7306,-0.0050,0.0847
0.7309,-0.0050,0.0846
0.7312,-0.0050,0.0846
0.7316,-0.0050,0.0846
0.7319,-0.0050,0.0845
0.7322,-0.0051,0.0845
0.7326,-0.0051,0.0845
0.7329,-0.0051,0.0844
0.7332,-0.0051,0.0844
0.7336,-0.0051,0.0844
0.7339,-0.0051,0.0843
0.7342,-0.0051,0.0843
0.7346,-0.0051,0.0842
0.7349,-0.0051,0.0842
0.7352,-0.0052,0.0841
0.7356,-0.0052,0.0841
0.7359,-0.0052,0.0841
0.7363,-0.0052,0.0840
0.7366,-0.0052,0.0840
0.7369,-0.0052,0.0839
0.7373,-0.0052,0.0838
0.7376,-0.0052,0.0838
0.7380,-0.0052,0.0837
0.7383,-0.0052,0.0837
0.7386,-0.0053,0.0836
0.7390,-0.0053,0.0836
0.7393,-0.0053,0.0835
0.7397,-0.0053,0.0834
0.7400,-0.0053,0.0834
0.7404,-0.0053,0.0833
0.7407,-0.0053,0.0832
0.7410,-0.0053,0.0832
0.7414,-0.0053,0.0831
0.7417,-0.0053,0.0830
0.7421,-0.0053,0.0829
0.7424,-0.0054,0.0829
0.7428,-0.0054,0.0828
0.7431,-0.0054,0.0827
0.7435,-0.0054,0.0826
0.7438,-0.0054,0.0826
0.7442,-0.0054,0.0825
0.7445,-0.0054,0.0824
0.7449,-0.0054,0.0823
0.7452,-0.0054,0.0822
0.7456,-0.0054,0.0821
0.7459,-0.0054,0.0821
0.7463,-0.0054,0.0820
0.7466,-0.0055,0.0819
0.7470,-0.0055,0.0818
0.7473,-0.0055,0.0817
0.7477,-0.0055,0.0816
0.7480,-0.0055,0.0815
0.7484,-0.0055,0.0814
0.7487,-0.0055,0.0813
0.7491,-0.0055,0.0812
0.7494,-0.0055,0.0811
0.7498,-0.0055,0.0810
0.7501,-0.0055,0.0809
0.7505,-0.0055,0.0808
0.7508,-0.0055,0.0807
0.7512,-0.0056,0.0806
0.7515,-0.0056,0.0804
0.7519,-0.0056,0.0803
0.7522,-0.0056,0.0802
0.7526,-0.0056,0.0801
0.7529,-0.0056,0.0800
0.7533,-0.0056,0.0799
0.7537,-0.0056,0.0797
0.7540,-0.0056,0.0796
0.7544,-0.0056,0.0795
0.7547,-0.0056,0.0794
0.7551,-0.0056,0.0793
0.7554,-0.0056,0.0791
0.7558,-0.0056,0.0790
0.7561,-0.0056,0.0789
0.7565,-0.0056,0.0787
0.7569,-0.0057,0.0786
0.7572,-0.0057,0.0785
0.7576,-0.0057,0.0783
0.7579,-0.0057,0.0782
0.7583,-0.0057,0.0781
0.7586,-0.0057,0.0779
0.7590,-0.0057,0.0778
0.7594,-0.0057,0.0776
0.7597,-0.0057,0.0775
0.7601,-0.0057,0.0773
0.7604,-0.0057,0.0772
0.7608,-0.0057,0.0771
0.7611,-0.0057,0.0769
0.7615,-0.0057,0.0768
0.7619,-0.0057,0.0766
0.7622,-0.0057,0.0764
0.7626,-0.0057,0.0763
0.7629,-0.0057,0.0761
0.7633,-0.0057,0.0760
0.7637,-0.0057,0.0758
0.7640,-0.0057,0.0757
0.7644,-0.0057,0.0755
0.7647,-0.0057,0.0753
0.7651,-0.0057,0.0752
0.7655,-0.0057,0.0750
0.7658,-0.0057,0.0748
0.7662,-0.0056,0.0747
0.7666,-0.0056,0.0745
0.7670,-0.0056,0.0743
0.7674,-0.0056,0.0742
0.7678,-0.0056,0.0740
0.7682,-0.0056,0.0738
0.7686,-0.0056,0.0737
0.7690,-0.0056,0.0735
0.7694,-0.0056,0.0733
0.7698,-0.0056,0.0731
0.7703,-0.0056,0.0730
0.7707,-0.0056,0.0728
0.7712,-0.0056,0.0726
0.7716,-0.0056,0.0725
0.7721,-0.0056,0.0723
0.7725,-0.0056,0.0722
0.7730,-0.0056,0.0720
0.7735,-0.0056,0.0718
0.7740,-0.0056,0.0717
0.7745,-0.0055,0.0715
0.7750,-0.0055,0.0714
0.7755,-0.0055,0.0713
0.7760,-0.0055,0.0711
0.7765,-0.0055,0.0710
0.7770,-0.0055,0.0709
0.7775,-0.0055,0.0708
0.7780,-0.0055,0.0706
0.7785,-0.0054,0.0705
0.7790,-0.0054,0.0704
0.7795,-0.0054,0.0703
0.7801,-0.0054,0.0702
0.7806,-0.0053,0.0701
0.7811,-0.0053,0.0700
0.7816,-0.0052,0.0699
0.7821,-0.0052,0.0699
0.7825,-0.0051,0.0698
0.7830,-0.0051,0.0697
0.7835,-0.0050,0.0696
0.7840,-0.0050,0.0695
0.7844,-0.0049,0.0695
0.7849,-0.0048,0.0694
0.7854,-0.0047,0.0693
0.7858,-0.0047,0.0693
0.7863,-0.0046,0.0692
0.7867,-0.0045,0.0691
0.7871,-0.0044,0.0691
0.7875,-0.0044,0.0690
0.7880,-0.0043,0.0690
0.7884,-0.0042,0.0690
0.7888,-0.0041,0.0689
0.7892,-0.0041,0.0689
0.7896,-0.0040,0.0689
0.7900,-0.0039,0.0688
0.7904,-0.0038,0.0688
0.7908,-0.0037,0.0688
0.7911,-0.0036,0.0688
0.7915,-0.0036,0.0688
0.7919,-0.0035,0.0688
0.7923,-0.0034,0.0688
0.7926,-0.0033,0.0688
0.7930,-0.0032,0.0689
0.7933,-0.0032,0.0689
0.7937,-0.0031,0.0689
0.7940,-0.0030,0.0689
0.7944,-0.0029,0.0690
0.7947,-0.0029,0.0690
0.7950,-0.0028,0.0691
0.7954,-0.0027,0.0692
0.7957,-0.0027,0.0692
0.7960,-0.0026,0.0693
0.7963,-0.0025,0.0694
0.7966,-0.0025,0.0694
0.7969,-0.0024,0.0695
0.7972,-0.0024,0.0696
0.7975,-0.0023,0.0697
0.7978,-0.0023,0.0698
0.7981,-0.0022,0.0699
0.7984,-0.0022,0.0700
0.7987,-0.0021,0.0701
0.7990,-0.0021,0.0702
0.7993,-0.0021,0.0703
0.7995,-0.0020,0.0704
0.7998,-0.0020,0.0706
0.8001,-0.0020,0.0707
0.8004,-0.0019,0.0708
0.8006,-0.0019,0.0709
0.8009,-0.0019,0.0710
0.8012,-0.0018,0.0711
0.8014,-0.0018,0.0712
0.8017,-0.0018,0.0714
0.8020,-0.0018,0.0715
0.8022,-0.0018,0.0716
0.8025,-0.0017,0.0717
0.8027,-0.0017,0.0718
0.8030,-0.0017,0.0719
0.8032,-0.0017,0.0720
0.8035,-0.0017,0.0722
0.8038,-0.0017,0.0723
0.8040,-0.0016,0.0724
0.8043,-0.0016,0.0725
0.8045,-0.0016,0.0726
0.8048,-0.0016,0.0727
0.8050,-0.0016,0.0728
0.8053,-0.0016,0.0729
0.8055,-0.0015,0.0730
0.8058,-0.0015,0.0732
0.8060,-0.0015,0.0733
0.8063,-0.0015,0.0734
0.8065,-0.0015,0.0735
0.8068,-0.0015,0.0736
0.8070,-0.0015,0.0737
0.8073,-0.0015,0.0738
0.8075,-0.0014,0.0739
0.8078,-0.0014,0.0740
0.8080,-0.0014,0.0741
0.8083,-0.0014,0.0742
0.8085,-0.0014,0.0743
0.8088,-0.0014,0.0744
0.8090,-0.0014,0.0745
0.8093,-0.0014,0.0746
0.8095,-0.0014,0.0747
0.8098,-0.0013,0.0748
0.8100,-0.0013,0.0749
0.8103,-0.0013,0.0750
0.8105,-0.0013,0.0751
0.8108,-0.0013,0.0752
0.8110,-0.0013,0.0753
0.8113,-0.0013,0.0754
0.8115,-0.0013,0.0755
0.8118,-0.0012,0.0756
0.8120,-0.0012,0.0757
0.8123,-0.0012,0.0758
0.8125,-0.0012,0.0759
0.8128,-0.0012,0.0760
0.8131,-0.0012,0.0761
0.8133,-0.0012,0.0762
0.8136,-0.0012,0.0763
0.8138,-0.0012,0.0764
0.8141,-0.0011,0.0765
0.8143,-0.0011,0.0765
0.8146,-0.0011,0.0766
0.8149,-0.0011,0.0767
0.8151,-0.0011,0.0768
0.8154,-0.0011,0.0769
0.8156,-0.0011,0.0770
0.8159,-0.0011,0.0771
0.8162,-0.0011,0.0771
0.8164,-0.0010,0.0772
0.8167,-0.0010,0.0773
0.8170,-0.0010,0.0774
0.8172,-0.0010,0.0775
0.8175,-0.0010,0.0776
0.8177,-0.0010,0.0776
0.8180,-0.0010,0.0777
0.8183,-0.0010,0.0778
0.8185,-0.0009,0.0779
0.8188,-0.0009,0.0779
0.8191,-0.0009,0.0780
0.8194,-0.0009,0.0781
0.8196,-0.0009,0.0782
0.8199,-0.0009,0.0782
0.8202,-0.0009,0.0783
0.8204,-0.0009,0.0784
0.8207,-0.0009,0.0785
0.8210,-0.0008,0.0785
0.8213,-0.0008,0.0786
0.8215,-0.0008,0.0787
0.8218,-0.0008,0.0787
0.8221,-0.0008,0.0788
0.8224,-0.0008,0.0789
0.8226,-0.0008,0.0789
0.8229,-0.0008,0.0790
0.8232,-0.0008,0.0791
0.8235,-0.0007,0.0791
0.8238,-0.0007,0.0792
0.8240,-0.0007,0.0793
0.8243,-0.0007,0.0793
0.8246,-0.0007,0.0794
0.8249,-0.0007,0.0794
0.8252,-0.0007,0.0795
0.8255,-0.0007,0.0796
0.8257,-0.0007,0.0796
0.8260,-0.0006,0.0797
0.8263,-0.0006,0.0797
0.8266,-0.0006,0.0798
0.8269,-0.0006,0.0798
0.8272,-0.0006,0.0799
0.8275,-0.0006,0.0799
0.8278,-0.0006,0.0800
0.8280,-0.0006,0.0800
0.8283,-0.0006,0.0801
0.8286,-0.0005,0.0801
0.8289,-0.0005,0.0802
0.8292,-0.0005,0.0802
0.8295,-0.0005,0.0803
0.8298,-0.0005,0.0803
0.8301,-0.0005,0.0803
0.8304,-0.0005,0.0804
0.8307,-0.0005,0.0804
0.8310,-0.0005,0.0805
0.8313,-0.0005,0.0805
0.8316,-0.0004,0.0805
0.8319,-0.0004,0.0806
0.8322,-0.0004,0.0806
0.8325,-0.0004,0.0806
0.8328,-0.0004,0.0807
0.8331,-0.0004,0.0807
0.8334,-0.0004,0.0807
0.8337,-0.0004,0.0808
0.8340,-0.0004,0.0808
0.8343,-0.0004,0.0808
0.8346,-0.0003,0.0809
0.8349,-0.0003,0.0809
0.8352,-0.0003,0.0809
0.8355,-0.0003,0.0809
0.8359,-0.0003,0.0809
0.8362,-0.0003,0.0810
0.8365,-0.0003,0.0810
0.8368,-0.0003,0.0810
0.8371,-0.0003,0.0810
0.8374,-0.0003,0.0810
0.8377,-0.0002,0.0811
0.8380,-0.0002,0.0811
0.8383,-0.0002,0.0811
0.8387,-0.0002,0.0811
0.8390,-0.0002,0.0811
0.8393,-0.0002,0.0811
0.8396,-0.0002,0.0811
0.8399,-0.0002,0.0811
0.8402,-0.0002,0.0811
0.8406,-0.0002,0.0811
0.8409,-0.0002,0.0811
0.8412,-0.0001,0.0811
0.8415,-0.0001,0.0812
0.8418,-0.0001,0.0812
0.8422,-0.0001,0.0812
0.8425,-0.0001,0.0811
0.8428,-0.0001,0.0811
0.8431,-0.0001,0.0811
0.8434,-0.0001,0.0811
0.8438,-0.0001,0.0811
0.8441,-0.0001,0.0811
0.8444,-0.0001,0.0811
0.8447,-0.0001,0.0811
0.8451,-0.0001,0.0811
0.8454,-0.0000,0.0811
0.8457,-0.0000,0.0811
0.8461,-0.0000,0.0810
0.8464,-0.0000,0.0810
0.8467,-0.0000,0.0810
0.8470,-0.0000,0.0810
0.8474,-0.0000,0.0810
0.8477,0.0000,0.0809
0.8480,0.0000,0.0809
0.8484,0.0000,0.0809
0.8487,0.0000,0.0809
0.8490,0.0000,0.0808
0.8494,0.0000,0.0808
0.8497,0.0000,0.0808
0.8500,0.0000,0.0808
0.8504,0.0001,0.0807
0.8507,0.0001,0.0807
0.8510,0.0001,0.0807
0.8514,0.0001,0.0806
0.8517,0.0001,0.0806
0.8520,0.0001,0.0805
0.8524,0.0001,0.0805
0.8527,0.0001,0.0805
0.8530,0.0001,0.0804
0.8534,0.0001,0.0804
0.8537,0.0001,0.0803
0.8541,0.0001,0.0803
0.8544,0.0001,0.0802
0.8547,0.0001,0.0802
0.8551,0.0001,0.0801
0.8554,0.0001,0.0801
0.8558,0.0001,0.0800
0.8561,0.0001,0.0800
0.8564,0.0001,0.0799
0.8568,0.0001,0.0799
0.8571,0.0002,0.0798
0.8575,0.0002,0.0798
0.8578,0.0002,0.0797
0.8581,0.0002,0.0796
0.8585,0.0002,0.0796
0.8588,0.0002,0.0795
0.8592,0.0002,0.0795
0.8595,0.0002,0.0794
0.8599,0.0002,0.0793
0.8602,0.0002,0.0793
0.8606,0.0001,0.0792
0.8609,0.0001,0.0792
0.8613,0.0001,0.0791
0.8616,0.0001,0.0790
0.8620,0.0001,0.0790
0.8623,0.0001,0.0789
0.8627,0.0001,0.0788
0.8631,0.0001,0.0788
0.8634,0.0001,0.0787
0.8638,0.0001,0.0786
0.8641,0.0001,0.0786
0.8645,0.0001,0.0785
0.8649,0.0001,0.0784
0.8652,0.0000,0.0783
0.8656,0.0000,0.0783
0.8660,0.0000,0.0782
0.8663,-0.0000,0.0781
0.8667,-0.0000,0.0781
0.8671,-0.0000,0.0780
0.8674,-0.0001,0.0780
0.8678,-0.0001,0.0779
0.8682,-0.0001,0.0778
0.8686,-0.0001,0.0778
0.8689,-0.0002,0.0777
0.8693,-0.0002,0.0776
0.8697,-0.0002,0.0776
0.8701,-0.0002,0.0775
0.8704,-0.0003,0.0775
0.8708,-0.0003,0.0774
0.8712,-0.0003,0.0773
0.8716,-0.0004,0.0773
0.8720,-0.0004,0.0772
0.8723,-0.0005,0.0772
0.8727,-0.0005,0.0772
0.8731,-0.0005,0.0771
0.8735,-0.0006,0.0771
0.8739,-0.0006,0.0770
0.8743,-0.0007,0.0770
0.8746,-0.0007,0.0770
0.8750,-0.0007,0.0769
0.8754,-0.0008,0.0769
0.8758,-0.0008,0.0769
0.8762,-0.0009,0.0769
0.8765,-0.0009,0.0769
0.8769,-0.0010,0.0769
0.8773,-0.0010,0.0769
0.8776,-0.0011,0.0769
0.8780,-0.0011,0.0769
0.8783,-0.0012,0.0769
0.8787,-0.0013,0.0769
0.8790,-0.0013,0.0769
0.8794,-0.0014,0.0769
0.8797,-0.0015,0.0769
0.8800,-0.0015,0.0769
0.8804,-0.0016,0.0770
0.8807,-0.0017,0.0770
0.8810,-0.0017,0.0770
0.8813,-0.0018,0.0770
0.8817,-0.0019,0.0770
0.8820,-0.0020,0.0770
0.8823,-0.0020,0.0771
0.8826,-0.0021,0.0771
0.8829,-0.0022,0.0771
0.8833,-0.0023,0.0771
0.8836,-0.0023,0.0771
0.8839,-0.0024,0.0772
0.8842,-0.0025,0.0772
0.8846,-0.0026,0.0772
0.8849,-0.0026,0.0772
0.8852,-0.0027,0.0773
0.8856,-0.0028,0.0773
0.8859,-0.0029,0.0773
0.8862,-0.0029,0.0773
0.8865,-0.0030,0.0774
0.8869,-0.0031,0.0774
0.8872,-0.0032,0.0774
0.8875,-0.0032,0.0775
0.8878,-0.0033,0.0775
0.8882,-0.0034,0.0775
0.8885,-0.0035,0.0775
0.8888,-0.0035,0.0776
0.8891,-0.0036,0.0776
0.8895,-0.0037,0.0776
0.8898,-0.0038,0.0777
0.8901,-0.0038,0.0777
0.8904,-0.0039,0.0777
0.8907,-0.0040,0.0777
0.8910,-0.0041,0.0778
0.8914,-0.0041,0.0778
0.8917,-0.0042,0.0778
0.8920,-0.0043,0.0779
0.8923,-0.0044,0.0779
0.8926,-0.0044,0.0779
0.8929,-0.0045,0.0780
0.8932,-0.0046,0.0780
0.8935,-0.0047,0.0780
0.8938,-0.0047,0.0781
0.8941,-0.0048,0.0781
0.8944,-0.0049,0.0781
0.8947,-0.0049,0.0782
0.8950,-0.0050,0.0782
0.8953,-0.0051,0.0783
0.8956,-0.0052,0.0783
0.8959,-0.0052,0.0784
0.8961,-0.0053,0.0784
0.8964,-0.0054,0.0785
0.8967,-0.0054,0.0785
0.8970,-0.0055,0.0786
0.8973,-0.0055,0.0786
0.8976,-0.0056,0.0787
0.8978,-0.0057,0.0787
0.8981,-0.0057,0.0788
0.8984,-0.0058,0.0788
0.8987,-0.0058,0.0789
0.8989,-0.0059,0.0790
0.8992,-0.0059,0.0790
0.8995,-0.0060,0.0791
0.8998,-0.0060,0.0792
0.9000,-0.0061,0.0792
0.9003,-0.0061,0.0793
0.9006,-0.0062,0.0794
0.9008,-0.0062,0.0794
0.9011,-0.0063,0.0795
0.9014,-0.0063,0.0796
0.9016,-0.0064,0.0797
0.9019,-0.0064,0.0797
0.9022,-0.0064,0.0798
0.9024,-0.0065,0.0799
0.9027,-0.0065,0.0800
0.9030,-0.0065,0.0800
0.9032,-0.0066,0.0801
0.9035,-0.0066,0.0802
0.9038,-0.0066,0.0803
0.9040,-0.0067,0.0803
0.9043,-0.0067,0.0804
0.9046,-0.0067,0.0805
0.9048,-0.0068,0.0806
0.9051,-0.0068,0.0806
0.9053,-0.0068,0.0807
0.9056,-0.0069,0.0808
0.9059,-0.0069,0.0809
0.9061,-0.0069,0.0810
0.9064,-0.0069,0.0810
0.9067,-0.0070,0.0811
0.9069,-0.0070,0.0812
0.9072,-0.0070,0.0813
0.9075,-0.0071,0.0813
0.9077,-0.0071,0.0814
0.9080,-0.0071,0.0815
0.9083,-0.0071,0.0815
0.9085,-0.0072,0.0816
0.9088,-0.0072,0.0817
0.9091,-0.0072,0.0818
0.9093,-0.0072,0.0818
0.9096,-0.0073,0.0819
0.9099,-0.0073,0.0820
0.9101,-0.0073,0.0820
0.9104,-0.0073,0.0821
0.9107,-0.0073,0.0822
0.9109,-0.0074,0.0823
0.9112,-0.0074,0.0823
0.9115,-0.0074,0.0824
0.9117,-0.0074,0.0825
0.9120,-0.0075,0.0825
0.9123,-0.0075,0.0826
0.9125,-0.0075,0.0827
0.9128,-0.0075,0.0827
0.9131,-0.0075,0.0828
0.9134,-0.0076,0.0828
0.9136,-0.0076,0.0829
0.9139,-0.0076,0.0830
0.9142,-0.0076,0.0830
0.9145,-0.0076,0.0831
0.9147,-0.0077,0.0832
0.9150,-0.0077,0.0832
0.9153,-0.0077,0.0833
0.9156,-0.0077,0.0833
0.9158,-0.0078,0.0834
0.9161,-0.0078,0.0835
0.9164,-0.0078,0.0835
0.9167,-0.0078,0.0836
0.9170,-0.0078,0.0836
0.9172,-0.0079,0.0837
0.9175,-0.0079,0.0837
0.9178,-0.0079,0.0838
0.9181,-0.0079,0.0838
0.9184,-0.0079,0.0839
0.9186,-0.0079,0.0839
0.9189,-0.0080,0.0840
0.9192,-0.0080,0.0840
0.9195,-0.0080,0.0841
0.9198,-0.0080,0.0841
0.9201,-0.0080,0.0842
0.9204,-0.0081,0.0842
0.9206,-0.0081,0.0843
0.9209,-0.0081,0.0843
0.9212,-0.0081,0.0843
0.9215,-0.0081,0.0844
0.9218,-0.0082,0.0844
0.9221,-0.0082,0.0845
0.9224,-0.0082,0.0845
0.9227,-0.0082,0.0845
0.9230,-0.0082,0.0846
0.9233,-0.0082,0.0846
0.9236,-0.0083,0.0847
0.9238,-0.0083,0.0847
0.9241,-0.0083,0.0847
0.9244,-0.0083,0.0848
0.9247,-0.0083,0.0848
0.9250,-0.0084,0.0848
0.9253,-0.0084,0.0849
0.9256,-0.0084,0.0849
0.9259,-0.0084,0.0849
0.9262,-0.0084,0.0849
0.9265,-0.0084,0.0850
0.9268,-0.0085,0.0850
0.9271,-0.0085,0.0850
0.9274,-0.0085,0.0850
0.9277,-0.0085,0.0851
0.9280,-0.0085,0.0851
0.9283,-0.0086,0.0851
0.9287,-0.0086,0.0851
0.9290,-0.0086,0.0851
0.9293,-0.0086,0.0852
0.9296,-0.0086,0.0852
0.9299,-0.0086,0.0852
0.9302,-0.0087,0.0852
0.9305,-0.0087,0.0852
0.9308,-0.0087,0.0852
0.9311,-0.0087,0.0852
0.9314,-0.0087,0.0853
0.9317,-0.0087,0.0853
0.9321,-0.0088,0.0853
0.9324,-0.0088,0.0853
0.9327,-0.0088,0.0853
0.9330,-0.0088,0.0853
0.9333,-0.0088,0.0853
0.9336,-0.0088,0.0853
0.9339,-0.0089,0.0853
0.9343,-0.0089,0.0853
0.9346,-0.0089,0.0853
0.9349,-0.0089,0.0853
0.9352,-0.0089,0.0853
0.9355,-0.0089,0.0853
0.9358,-0.0090,0.0853
0.9362,-0.0090,0.0853
0.9365,-0.0090,0.0853
0.9368,-0.0090,0.0853
0.9371,-0.0090,0.0853
0.9375,-0.0090,0.0852
0.9378,-0.0090,0.0852
0.9381,-0.0091,0.0852
0.9384,-0.0091,0.0852
0.9387,-0.0091,0.0852
0.9391,-0.0091,0.0852
0.9394,-0.0091,0.0852
0.9397,-0.0091,0.0851
0.9401,-0.0092,0.0851
0.9404,-0.0092,0.0851
0.9407,-0.0092,0.0851
0.9410,-0.0092,0.0851
0.9414,-0.0092,0.0850
0.9417,-0.0092,0.0850
0.9420,-0.0092,0.0850
0.9424,-0.0092,0.0849
0.9427,-0.0093,0.0849
0.9430,-0.0093,0.0849
0.9434,-0.0093,0.0849
0.9437,-0.0093,0.0848
0.9440,-0.0093,0.0848
0.9444,-0.0093,0.0848
0.9447,-0.0093,0.0847
0.9450,-0.0094,0.0847
0.9454,-0.0094,0.0846
0.9457,-0.0094,0.0846
0.9460,-0.0094,0.0846
0.9464,-0.0094,0.0845
0.9467,-0.0094,0.0845
0.9470,-0.0094,0.0844
0.9474,-0.0094,0.0844
0.9477,-0.0095,0.0843
0.9481,-0.0095,0.0843
0.9484,-0.0095,0.0842
0.9487,-0.0095,0.0842
0.9491,-0.0095,0.0841
0.9494,-0.0095,0.0841
0.9498,-0.0095,0.0840
0.9501,-0.0095,0.0840
0.9504,-0.0095,0.0839
0.9508,-0.0096,0.0838
0.9511,-0.0096,0.0838
0.9515,-0.0096,0.0837
